10000 75
69 66
-21 -36
-63 51
12 71
61 -55
-44 52
56 -47
-39 48
-17 16
-7 -15
-34 28
18 41
38 -64
30 33
-10 -6
23 3
54 -19
-72 1
-35 67
13 26
-27 40
-45 32
58 -11
-29 -8
-65 -22
49 14
-59 -62
-53 -24
70 -50
9 37
46 73
-25 -57
-75 4
42 2
-60 20
-5 74
-43 68
31 -7
62 -60
8 34
-46 19
14 -28
47 15
-73 41
-44 5
69 65
31 -30
57 -52
-53 3
26 -37
-16 67
45 63
-51 64
-40 -12
11 -2
55 -59
13 21
-23 20
-22 -61
42 72
-38 -43
-9 -49
1 -75
-29 48
68 71
39 35
-4 -24
-33 -10
-32 -18
-74 -58
56 -25
-54 6
-36 -66
17 27
-50 -70
-23 63
-48 40
21 -8
-59 37
-65 -75
-6 3
15 -54
55 -9
-27 -57
-47 30
4 -42
-14 74
-17 12
67 52
-18 43
20 61
22 -68
-33 -28
-50 -41
-66 -7
58 32
-49 31
25 -29
-71 -72
34 64
51 53
-45 35
-38 -56
-13 -16
-19 10
-5 -69
-36 62
-2 -44
-46 1
-60 70
73 -39
11 -24
26 -19
-16 -37
-47 -48
43 44
28 -24
45 71
17 67
31 -21
52 1
27 59
-68 -34
-9 7
12 15
73 -46
63 49
13 -40
25 53
50 55
-62 -8
74 -11
-29 33
32 -10
36 -5
-30 41
-4 -42
56 6
-70 -57
-54 -22
-2 -51
-23 66
69 72
-14 58
39 75
-60 -26
-61 -18
65 -38
-3 20
64 35
-51 -67
53 8
72 -73
26 3
2 45
42 12
69 -62
-13 36
5 -55
-32 -29
-60 -44
39 -16
7 48
-70 -58
-28 31
-56 -20
-61 19
-59 -46
37 65
33 -66
-17 -11
-4 -10
-71 -64
-6 14
47 -23
27 -68
15 -38
-35 -49
-52 9
74 -54
25 -30
-24 -43
1 -50
-34 -75
21 -63
-41 -57
-40 -18
22 48
66 -22
-31 -41
-44 30
23 74
13 61
-19 50
-24 35
37 -62
54 -33
14 -49
-46 32
39 -15
-55 36
58 -52
16 70
-28 47
-5 -7
71 57
56 68
-65 43
4 -42
67 -60
-2 21
-40 38
-26 27
-11 -10
72 -34
-53 -45
17 59
-1 3
-20 -18
73 29
69 -12
9 -64
-75 -8
-6 51
25 63
-37 55
-24 -18
-13 -27
6 -22
4 70
-26 -60
43 -14
-12 71
68 46
62 -17
-33 44
9 -63
-36 -23
-42 -19
11 -15
-72 -74
73 -52
38 21
58 69
51 32
49 -47
5 45
29 50
-56 31
59 -30
40 25
35 -20
-34 64
-75 -66
-8 67
2 -1
16 -54
39 -48
-28 65
-57 3
-53 10
-7 -41
-61 16
57 7
53 -21
-40 5
-14 -19
66 32
-46 27
-56 31
-13 37
-42 64
73 2
-8 65
-44 -51
-39 -18
20 -74
-24 -30
-23 -71
-12 70
-6 49
-60 -72
28 -54
29 -25
-45 41
-55 36
-75 58
43 48
17 -9
-1 -47
-59 50
63 -15
-52 62
4 -33
35 68
61 10
22 34
-11 -67
-26 -3
38 69
-49 56
-22 55
-35 59
73 -66
39 24
-28 75
70 42
-3 -23
61 -50
-36 -6
27 -71
54 -46
26 38
8 -14
-74 -69
62 -19
-4 -45
12 -10
-72 60
-44 9
21 51
-29 -15
-33 -43
11 -67
-40 -41
-57 37
-63 68
58 5
52 -16
17 1
-47 32
31 -18
53 -30
2 48
65 -20
-34 25
-13 -64
7 -42
-23 21
39 -61
24 -26
57 -63
-44 -41
-43 -37
-72 -59
30 69
-58 55
68 -70
51 -50
1 53
-46 -36
-17 -62
18 47
-38 -66
-4 28
34 -73
-48 -3
-33 2
6 25
19 -40
-9 -22
-75 56
16 54
-8 35
74 45
32 -7
31 49
-14 -64
52 27
11 -65
10 -60
71 15
-12 20
-5 13
-67 -29
1 -62
2 69
-44 9
-50 -51
38 73
-75 -37
-35 -13
-19 21
15 26
54 57
71 31
12 52
-72 -58
61 47
-40 60
-7 -27
-8 -59
32 53
-33 74
41 68
-30 -17
36 -46
-23 -6
29 48
-39 63
42 -56
3 -28
-70 -14
-43 20
10 64
-18 -67
-49 16
-66 34
-11 -65
-24 4
-25 45
-22 -5
55 -31
-36 52
66 -15
2 -74
-3 -75
-67 71
-72 4
23 8
-61 16
11 27
-68 39
-10 -24
-30 -51
-12 28
58 26
-32 55
-60 -19
54 -63
21 41
-6 5
56 -1
40 14
-64 -29
48 22
-9 59
-73 -47
-33 18
49 -34
-25 50
37 -53
-65 -45
-70 42
-43 -38
7 44
-13 20
-46 -35
-62 57
-69 -17
13 73
-38 1
37 49
51 35
62 -16
-25 22
-34 -75
-47 54
-60 42
28 4
-20 57
33 44
-8 7
15 -53
26 -21
18 2
-55 -64
56 43
10 5
48 -17
-36 68
30 52
66 -65
-14 -32
70 -63
29 74
-27 -39
23 -24
-72 -50
31 67
-6 -11
-61 3
12 45
-58 9
-71 -69
41 -46
59 -40
-19 -27
-30 28
48 -62
17 71
-54 19
-13 57
73 -25
41 74
-4 29
37 60
39 67
-64 40
-45 -16
-36 24
-69 -35
21 2
7 10
-8 -65
43 23
63 -58
32 18
42 -47
50 46
6 44
38 5
61 66
53 -70
15 -33
72 -20
-34 59
-3 56
-52 31
-12 11
-55 -68
-49 -75
-14 -1
-9 26
51 -22
18 -71
30 29
52 -25
-70 -47
7 -63
-28 45
-13 -61
-9 -24
-35 59
-60 40
-22 -17
-19 -6
56 75
-48 -15
-16 64
2 -26
-31 -23
-21 1
-5 -3
-66 37
27 67
38 4
55 -51
-8 53
-46 -20
69 -32
-50 72
44 34
68 -62
-65 10
74 36
57 49
42 11
14 39
-58 41
33 -73
-12 -43
-54 50
-66 -10
-24 20
62 -34
-25 36
-54 13
55 -63
56 12
73 46
-42 -3
-43 -45
-28 -74
-64 -37
27 -35
-51 -17
18 -11
-48 -33
-30 60
-39 23
16 -5
-44 19
29 69
-49 -72
7 32
57 9
-38 -40
-58 1
14 22
-15 8
71 59
61 -6
75 26
65 -4
-47 41
53 -2
-68 70
31 67
-52 21
68 55
-54 -52
-53 2
-39 23
-16 -57
58 71
30 -34
29 50
41 -20
18 62
26 -22
-65 45
-13 19
7 -24
-27 74
47 49
-61 -33
-9 48
42 -36
-37 56
-38 10
-73 -17
21 4
-43 -12
5 72
-32 14
28 -6
-75 -25
69 -66
63 35
-1 11
-3 60
46 -67
-8 44
40 -59
15 -31
-70 64
51 14
59 -2
5 72
-29 60
-21 -24
-57 23
-66 1
-22 -62
17 19
64 -50
-52 -43
-51 -38
-18 33
-30 42
-36 -48
-3 -6
45 -8
58 37
41 13
-4 -69
35 74
-47 56
-67 -31
53 10
20 55
-27 16
65 49
-44 71
40 9
61 11
-26 34
32 73
-39 7
-12 -15
-54 63
-70 -28
-46 75
68 25
72 62
-28 -61
-9 -38
-57 33
10 -43
-53 -14
24 7
68 -12
-18 -56
-51 -42
5 66
64 32
-71 70
45 -15
50 41
-59 -29
75 20
-55 -39
17 -47
-48 16
63 54
-52 -44
6 46
-74 31
4 -1
-34 69
-40 8
73 -58
-37 3
-21 -35
-25 19
-2 36
-65 -27
60 -22
13 -30
-67 -26
49 23
11 -15
-21 57
32 -68
17 -72
-20 -5
-48 56
35 14
52 -50
-53 75
-60 -7
41 9
-61 -45
44 -23
27 -54
-1 -51
29 -24
18 -22
-66 19
-37 13
-40 -33
-63 8
-26 -25
-3 -6
36 43
55 -12
70 -47
31 39
-73 46
-49 10
-30 -74
64 16
-38 -11
-65 62
2 71
-67 69
4 58
28 -59
-34 -42
13 -55
-3 -75
-40 -48
-35 -59
-71 -51
74 -33
-24 52
-31 15
37 21
9 22
-20 56
26 -11
-43 -38
-67 16
57 -50
-5 30
8 -47
65 4
14 49
2 -27
-66 -39
42 -64
58 -61
-70 6
-10 -23
18 -32
-19 63
-62 -12
73 -44
34 -72
68 1
46 -36
-17 -53
-7 -69
-29 -54
-28 41
25 -60
-45 9
38 55
71 -57
30 -16
-49 46
23 -1
29 -60
-39 -44
-20 -50
-31 8
4 -2
35 32
62 42
-69 33
22 15
75 18
53 25
-24 -56
-59 -68
-58 -67
-13 -66
-73 -27
52 5
-65 51
-3 -36
-26 -45
70 -63
-11 -64
10 -74
12 28
-6 -7
-21 -34
14 54
-37 72
-48 61
-43 -41
-40 17
-19 47
30 -75
23 -34
-25 20
68 -11
-64 51
29 -52
3 -63
-49 56
-10 43
-60 -41
-46 -45
5 4
-55 -21
-74 -16
26 54
-58 -69
44 -13
57 22
6 48
40 -39
66 8
73 9
53 33
-15 7
-71 12
50 -70
-61 2
-38 24
-31 32
-19 -65
-37 72
-59 -42
-1 18
36 -67
14 -27
-28 47
17 35
-62 38
-16 -71
-24 -72
49 -67
-21 73
8 9
-53 65
18 -35
-33 -61
-20 -44
-2 15
-58 27
40 62
46 -29
-66 7
-5 4
-51 36
68 -39
23 54
-59 31
30 -32
42 47
-56 -45
-55 -69
70 -13
41 63
-50 -26
11 -57
-1 75
34 10
-12 60
-14 19
17 28
48 74
-52 6
-43 37
64 -3
-22 25
-54 57
-27 -3
-75 -7
-47 59
-9 -51
-69 -33
-25 -73
-70 24
-64 -66
-23 34
-15 55
61 -45
40 12
26 49
-16 -32
-19 -39
-22 -6
-67 -41
5 2
29 63
-10 62
65 71
68 4
-56 53
28 -58
-36 -1
-38 -37
-43 20
-52 -44
30 -42
-11 60
-48 -74
8 21
17 46
-35 -50
14 13
72 -18
-31 -7
57 71
-19 -14
35 -25
12 15
46 -28
-68 32
-60 49
65 23
67 2
13 56
-53 6
8 -47
-30 -5
-59 21
-42 -66
63 18
37 -52
72 51
62 -61
38 58
-31 -44
34 43
26 9
45 -22
-55 33
50 24
-74 1
40 -75
-16 -48
70 39
54 17
-4 -27
-20 11
10 3
-29 -69
64 73
-36 41
-64 -42
-56 22
17 -26
31 -33
-32 18
60 -55
1 -49
29 -57
28 30
-25 -16
46 4
-68 -65
-38 -63
-27 7
66 72
2 53
14 -5
47 67
3 45
21 69
-10 37
-50 -15
40 43
-74 20
-59 62
-35 -41
-23 -70
-54 -71
34 -73
-6 12
36 -51
-8 -48
-24 -75
-39 11
61 -19
-44 9
-58 13
52 -19
-47 44
-21 40
29 56
-38 9
-48 58
73 -16
-74 -34
46 26
17 -52
49 18
51 36
-55 -69
59 -68
64 -31
-57 33
-20 8
-43 32
-71 67
4 70
-25 28
22 -75
-23 -14
62 7
72 -60
39 -13
-5 27
45 -37
1 -11
35 2
12 42
3 -66
-10 -50
-63 -53
-65 30
-6 15
-61 -41
-54 -24
-51 40
-27 -46
35 -41
-75 -57
43 24
-55 -53
-42 -7
-3 -19
38 -45
18 12
-63 -47
-30 70
-73 -22
6 -8
50 -44
4 2
34 -60
11 28
32 -20
25 -52
66 -10
74 49
17 -48
-31 -64
37 -39
29 -56
67 21
16 -36
14 71
-54 -15
13 -5
26 65
-61 -62
-69 -1
33 58
-72 23
68 9
59 -66
38 36
-39 -23
-19 51
-68 -25
-8 -54
45 -70
-53 -49
44 32
73 12
-48 50
-20 59
72 -29
16 2
-26 18
65 -9
-33 -3
-6 -67
47 35
-52 -71
64 69
-14 -30
-37 -58
-13 -1
-46 43
-41 60
56 62
34 -63
-42 55
21 -4
-22 -7
75 40
-74 11
-61 17
-57 -24
27 -5
28 15
10 31
67 5
-27 14
-18 28
-13 36
53 -46
-32 -68
-3 47
-21 -42
-10 51
-38 49
-50 63
-35 60
54 30
-33 -44
8 -31
59 -57
34 65
-22 -12
-58 55
4 2
-25 11
1 -43
26 20
-48 39
-56 7
71 41
-61 74
-37 69
64 -16
66 -45
-75 72
24 73
40 -29
19 15
62 23
17 -52
6 -70
9 44
70 -6
33 -36
9 69
42 -49
73 30
39 -47
38 -64
-60 -31
7 72
34 -55
67 45
54 -43
19 50
-75 -15
71 11
12 -10
28 16
52 -68
18 56
26 37
-27 14
-29 -8
-41 -61
-40 25
5 48
66 63
-4 -65
3 -21
-58 -35
-74 -22
2 -57
-51 32
-46 13
-59 53
-24 -62
-20 1
-23 -17
-28 -27
-15 -16
39 -55
24 -32
14 35
-5 30
73 44
-75 62
-74 51
-46 60
-65 12
41 45
42 -57
-68 61
67 -17
3 34
-40 -2
-21 -43
22 -6
18 56
13 47
-58 70
-53 -4
-7 -26
-64 -9
-11 -1
-63 54
25 -69
-8 -52
-37 -31
29 -10
38 20
19 -23
71 50
66 -49
72 36
-33 -48
-59 -43
-21 62
-56 -22
-58 46
44 68
-29 -25
-70 -61
63 -39
37 -4
-13 64
-53 -15
19 41
55 14
52 10
30 33
38 -18
3 2
36 67
-6 5
59 32
-17 57
20 60
-45 7
-71 1
-23 9
69 72
-48 -34
-28 49
-12 -65
-8 74
27 42
-66 -31
-35 73
-11 40
-75 -50
26 54
-24 16
-51 -47
42 71
-31 50
-70 -33
65 49
57 14
69 37
-26 68
-10 63
24 51
8 3
-23 -19
-72 -5
-61 -55
-60 64
-52 38
-59 39
-16 1
-30 29
-62 46
58 22
18 -7
-2 12
-75 53
-27 -4
47 -21
-66 -9
-45 48
-40 -73
20 -74
-13 54
43 -28
35 15
-34 36
67 -41
-44 -25
56 -11
6 -17
-32 -37
-42 -65
35 34
-62 71
17 33
28 50
-43 -49
64 -44
-73 -2
-7 -36
-32 18
24 -13
38 25
-39 61
-30 12
-74 -6
54 -55
-22 -63
-16 -41
-52 -66
40 -27
-29 15
-67 -53
10 45
20 9
-11 -19
-51 -59
3 -46
-69 47
-58 -56
23 -5
8 48
57 60
-70 -31
-14 -4
72 -75
1 26
21 -68
16 61
-27 5
35 -63
-73 -14
-41 23
34 68
-67 -10
-37 25
-42 43
69 65
-28 51
-19 -71
40 54
-55 -7
66 52
17 -49
-53 11
64 -44
-72 62
58 -29
13 60
59 48
-18 24
-8 6
9 -12
50 47
30 -57
-15 45
-70 -46
1 -75
4 -38
-21 -56
32 -26
-3 33
-31 74
-36 2
-20 -22
39 3
-23 -70
-1 65
-61 75
-36 64
48 59
51 14
11 74
-6 -55
40 -67
-50 45
-32 56
39 17
68 41
-35 58
43 -34
8 -19
-57 -44
-52 47
62 -12
-53 -33
27 -29
21 -20
26 31
2 10
37 30
-42 -69
-71 5
18 -73
-54 -46
-24 7
22 -63
15 -72
-66 28
-38 60
9 -13
-49 16
25 4
-5 42
58 52
75 74
-20 -63
-1 36
-59 -41
-62 35
39 40
-10 -67
24 29
-31 30
-6 46
9 12
-15 69
-51 -57
55 -33
-53 37
60 -22
4 13
-18 54
27 -71
11 -16
-45 49
72 -23
70 -65
56 -73
43 -34
38 -25
-17 48
-7 -14
21 19
-8 2
68 3
44 -26
28 47
50 -66
-64 -32
-61 42
43 37
24 -1
-44 -27
49 15
74 -29
-48 54
-71 16
-13 -11
64 -14
32 -60
-30 33
72 -59
-12 18
56 -66
-36 -22
-9 -46
-62 26
28 31
55 -2
-38 -45
-34 10
-21 -63
7 19
-20 -70
41 53
57 4
-61 -75
-50 -35
-40 -17
-65 -39
23 67
3 51
25 73
52 -8
-69 5
6 47
68 -58
-59 5
-6 15
3 -45
-55 -17
-28 -13
-62 -54
30 -50
-22 39
34 -75
44 68
14 48
-26 -72
-53 18
-70 -65
-31 -4
67 73
21 29
-27 61
64 -33
51 8
-24 74
1 41
60 42
25 -10
-38 19
36 46
66 -12
11 -47
2 57
16 71
49 -35
43 7
-20 63
-37 -9
-56 -32
-40 23
-58 52
-69 -17
-75 56
43 -42
33 52
71 7
-60 27
64 -51
67 -73
61 -29
32 46
-30 55
-38 -12
-44 -20
-62 74
47 -66
-3 -2
-24 11
72 41
48 26
-21 -57
-10 5
22 53
68 -70
-54 -15
40 35
1 63
-65 -13
-58 59
50 49
-4 14
6 16
-19 25
-39 23
34 8
36 -31
18 -9
45 28
37 69
-26 22
-75 -2
62 -69
18 64
-36 1
19 13
-68 -37
-66 -14
59 27
-56 11
-31 -60
-57 -8
-5 -21
-50 12
-6 -40
-58 -73
-35 49
44 -71
-70 -47
-41 16
72 -4
-53 -23
-32 34
33 -67
74 24
-42 3
-20 -46
55 48
-38 -29
52 61
65 9
-30 -43
17 54
63 -51
39 -10
45 -7
-15 -28
-25 -41
-63 -61
52 72
-17 5
-59 27
64 54
-46 55
-23 39
-6 -29
-32 -75
-34 -24
13 -36
-57 53
71 8
26 70
-22 18
-37 10
-15 2
65 48
-1 -47
11 9
-4 -7
-69 -60
33 -43
38 40
-3 21
-56 -49
-42 31
45 19
73 12
-16 -44
-35 -51
-50 -67
-66 -30
-74 -62
20 25
-28 58
14 68
44 61
57 -23
64 -45
70 -73
10 -12
43 -21
-55 -48
-3 1
30 5
19 -36
-49 31
-68 37
-29 52
-72 -51
-14 28
53 65
-32 22
25 2
60 69
-9 63
-39 47
6 7
-74 24
-42 -8
58 -38
-27 66
4 -50
-35 -40
-67 71
-18 20
-16 -75
-34 -11
-15 54
41 33
-62 -17
13 26
-59 56
46 36
17 38
16 43
-62 -40
58 -29
14 -32
48 39
71 -6
-47 -33
35 -2
-63 -64
-21 -20
54 -59
68 23
11 13
-4 -5
60 -49
27 -7
65 -44
25 61
-31 -28
-72 30
10 45
19 12
-52 -66
-37 -9
-18 57
22 -46
50 69
56 -3
70 -24
-67 74
-15 -1
26 53
-41 42
-55 -75
51 34
73 8
26 -12
58 -13
-25 -73
40 14
59 -3
61 19
37 -50
-57 -10
38 74
-41 -18
51 -52
29 22
-16 -44
21 -63
2 -46
-68 72
20 -4
-5 -6
34 -47
-56 75
-15 -28
36 -70
32 -1
64 -65
53 66
42 -39
24 -11
-31 -48
-9 60
23 45
30 8
-67 33
62 -43
71 -55
-54 -35
17 49
69 7
27 18
71 40
-25 -59
-2 9
55 -10
-1 44
-21 -66
32 20
-75 68
73 67
42 34
69 -38
-26 56
49 -54
57 74
65 12
-39 -33
-29 24
45 -30
-47 64
3 -28
61 -52
50 41
-51 -5
-4 -48
70 72
63 -58
31 -43
6 -35
-27 -36
-19 -13
14 23
-60 -46
-11 -16
-7 15
17 8
62 37
53 -22
-26 -59
69 -38
-40 -13
-65 -45
22 72
21 -17
-16 67
-50 -7
34 -71
-12 56
63 42
39 74
49 36
-60 -2
-57 62
30 -31
-73 -47
66 43
11 -8
24 -46
-10 54
-28 25
-44 53
61 -5
32 -18
-29 -27
52 6
-58 -3
4 68
23 48
19 75
-37 1
20 70
41 14
-15 -33
-64 9
-35 51
-55 -16
-39 44
17 -15
-19 -46
33 -23
-26 -32
24 -7
27 13
-55 -43
34 -11
5 -38
4 -25
-36 -72
-73 -68
-48 53
63 -57
-71 -45
37 8
49 14
-54 -30
-51 22
31 -29
-67 -59
61 62
66 65
-56 47
18 28
-6 -10
-12 74
-69 35
3 52
21 -2
40 -9
1 -70
-64 -75
58 -41
60 50
-42 -20
-32 56
-51 -44
5 8
57 -41
40 -29
70 -3
68 -7
-74 -47
-13 -34
15 20
46 -1
-73 -2
-21 65
-12 10
-4 23
55 26
60 30
36 -67
-49 69
-52 63
31 6
-66 -58
27 -50
43 -53
42 16
-25 54
-64 75
24 45
35 -37
72 61
71 -22
17 -38
-19 -11
-62 -28
-33 14
39 59
-9 18
-48 -22
51 -13
26 -28
68 -62
-21 65
-2 -9
56 43
31 15
49 38
-27 -33
-70 75
-42 -57
59 35
74 -45
-16 30
40 -44
-53 10
36 -46
25 -66
11 64
-20 -41
-50 58
23 -37
-72 -5
-32 6
-29 -47
-18 73
-71 -8
17 19
54 61
-67 -24
3 60
-14 69
-34 48
-52 55
-63 -12
-7 4
-39 -1
48 36
18 -4
2 46
28 41
-1 47
-71 -39
-45 -19
-44 58
61 -15
57 65
75 -20
63 40
-24 -64
-72 -14
70 23
54 56
60 -22
-31 -69
16 -55
34 -68
-66 -53
26 -38
27 13
-25 -50
8 51
7 -21
-59 30
32 42
5 9
-12 -35
67 -74
-37 -17
-29 -43
10 -6
-33 -11
-49 -52
-62 3
-73 -63
-51 3
36 38
-28 -22
17 -2
-6 11
-49 -34
-53 24
5 16
-35 9
-59 66
-45 1
61 23
74 -54
73 56
72 68
42 -14
62 -4
47 64
-25 -48
-55 -20
41 -19
69 13
-50 30
8 -37
-46 26
-44 52
10 -39
32 -40
65 -71
43 58
-18 -60
-67 -31
-33 70
-57 21
75 15
-7 12
27 29
25 -74
-20 -48
-56 47
14 -1
5 6
-18 40
16 -31
39 69
-64 66
54 -15
-58 46
-59 -70
27 55
-4 -45
-50 73
67 -7
8 -11
-52 -51
-26 -12
-23 62
-10 30
-21 -28
-34 61
-29 3
2 -49
19 -35
36 53
37 -43
-24 -57
17 -44
-9 60
-33 42
-22 -38
-32 -72
75 -13
63 -41
71 65
68 29
-35 -8
-48 50
-45 -4
1 52
-10 49
60 66
-13 65
9 -36
-56 72
-75 -7
-14 21
-11 26
-59 58
-2 32
47 30
-51 -18
-57 33
-20 -39
42 -70
25 -3
-27 38
5 15
-12 -67
22 -34
-23 -69
53 -16
-63 -71
43 -73
19 -6
-31 -54
61 -74
-68 46
-28 40
17 -62
44 -64
-24 55
-37 -41
53 52
40 -37
2 -48
60 -3
11 -17
-33 10
-6 -50
70 67
46 61
38 -54
-16 44
25 -59
-27 -51
-14 1
72 -8
23 34
-9 29
-58 66
-64 -26
7 -24
57 -39
43 42
-49 -32
74 -4
73 -56
31 68
-35 -20
-71 -47
13 65
5 -21
19 22
45 -62
-28 -15
30 -55
36 18
-63 -75
12 41
69 -15
30 37
-33 71
-68 14
-7 60
-12 63
-48 -27
-41 -66
-59 64
-45 65
-72 -43
-13 51
38 29
-56 69
1 34
-62 -73
61 40
46 3
55 -49
-32 -53
6 -20
58 -10
-67 2
-35 11
-54 19
21 44
-5 -9
24 -17
-70 26
-75 -16
4 -47
-18 -25
52 -22
-31 23
-36 39
57 28
-50 -8
-42 -74
16 19
-12 -61
45 -44
-33 23
18 67
-11 10
-47 -69
-66 30
20 -5
-6 -29
64 4
8 48
-70 -56
13 65
-57 59
3 24
-73 36
-38 -40
-14 -31
26 -58
62 -37
72 -51
-43 -39
71 9
-1 -42
63 -52
-2 50
-22 -74
-53 17
25 -15
-49 34
55 -54
-60 35
-32 46
75 -21
-28 68
-27 41
7 -18
8 40
-73 -63
-41 -20
-27 -23
-46 67
9 7
-36 -25
-71 1
57 -47
66 38
-65 -28
-44 11
70 24
52 -34
-3 -13
-30 -21
58 -37
14 39
32 -22
35 50
-62 72
-75 64
19 -60
59 31
-68 -42
33 5
-74 53
15 48
-12 -61
45 51
43 -56
-26 -55
-4 49
69 -10
-6 -2
-54 16
-29 -17
71 64
26 -44
-18 50
65 -5
43 12
-72 -13
-56 28
37 -29
-46 -19
-51 -1
57 48
32 -52
70 -2
-33 -63
68 -6
7 -59
-75 47
-55 61
-16 40
-53 -11
-58 36
-35 17
-10 3
-8 42
-38 27
-24 -23
-34 -9
-67 -49
15 -14
4 -66
-45 25
-74 73
21 60
39 31
20 -30
62 -69
22 41
54 37
68 -32
-46 70
17 52
-24 8
22 -51
-18 29
56 58
-54 64
-30 -7
-40 55
-71 19
11 -5
-61 6
23 49
-12 -20
21 31
73 -72
69 -57
16 1
10 13
62 -33
38 -9
-75 26
-48 -15
27 -63
-14 -43
-50 41
-66 74
-44 35
65 -28
-67 -4
60 -42
34 53
-47 25
39 2
36 45
-59 -3
-9 22
-20 -43
-51 -7
-66 35
-60 -33
-17 44
-45 3
6 39
73 -21
37 -28
-50 67
14 70
69 8
-32 1
55 -65
41 -42
46 34
62 19
-26 -13
61 4
-31 -11
16 -48
36 -23
-56 -53
24 -54
75 -5
2 52
-57 -10
-47 -12
-59 63
27 -68
-64 -40
72 -58
15 -74
71 49
29 38
30 -18
-25 64
14 24
42 70
-66 -26
33 31
-13 27
-59 55
-11 -12
51 -25
-23 18
-68 -58
54 -65
52 41
61 40
-63 22
5 -67
-30 4
-10 47
45 73
60 39
2 -74
-44 -37
-62 19
-50 -28
17 -69
56 3
-21 -43
7 1
-72 48
53 -75
36 -6
-20 -8
-35 34
16 49
-46 -9
71 -32
29 57
15 38
-39 -53
-59 -10
41 -51
21 37
5 49
55 12
-14 62
42 3
-6 -67
-46 9
-64 -60
-68 -61
-54 -72
-74 -70
63 16
-50 -31
-19 -65
-1 26
43 -75
-2 -22
-17 -24
35 36
-25 11
-47 27
69 4
-58 34
38 -18
-52 -48
-7 33
-73 -23
-15 -29
-45 -71
-20 -28
66 30
56 -40
-57 8
44 32
13 72
32 7
-1 28
71 55
33 37
53 -54
2 57
8 42
-5 -4
47 -17
-14 58
-52 -10
-60 -27
-22 -12
15 26
-24 -59
-18 -67
-69 9
68 -62
-36 -31
6 23
-13 74
35 -21
-63 16
-75 43
61 -51
-38 64
11 -66
44 70
49 29
-48 25
-41 20
-39 -45
56 19
46 -65
-40 -34
-50 73
30 3
65 -40
-63 21
60 -26
-56 -52
-45 -70
-3 51
-49 6
-71 74
36 -64
-29 47
13 42
-53 8
15 -58
-44 -12
67 -41
-14 23
2 -72
18 -33
46 19
38 31
22 73
39 62
61 -24
-28 -54
-5 -69
11 1
9 7
32 27
20 -10
17 57
66 50
-75 -55
-68 4
-25 34
-43 37
-30 16
-48 -59
35 -51
-15 -1
-55 8
31 -24
7 -47
-12 -56
-68 9
58 -52
-21 -40
32 -39
43 37
-4 -33
-72 65
-13 -75
-36 -20
-45 23
25 67
-48 -16
71 41
-19 60
11 -54
49 -61
6 -64
-59 74
-18 34
35 57
-66 -2
27 -3
22 53
73 30
-38 -10
-44 -63
5 70
-69 14
-26 -50
-29 -17
46 -28
-62 42
27 58
17 -44
72 -53
5 -36
74 18
67 16
6 -59
40 -39
-42 75
41 -60
-29 57
-22 24
30 -20
13 -35
2 -12
14 -28
-15 31
-51 -56
-32 -10
55 -54
-73 -1
52 21
69 25
-33 -65
-45 47
-61 -71
8 -38
46 -11
37 4
62 -50
-9 34
64 23
48 -7
-43 49
68 -26
-19 3
70 63
66 27
68 -14
19 -1
33 13
-64 -8
61 -70
-56 -44
-28 -31
5 -23
36 10
65 58
59 69
-48 -63
-29 -43
-37 -55
75 -35
34 16
41 21
18 -3
-24 39
46 -74
30 66
38 -62
45 67
7 53
25 60
-11 50
-22 -51
-17 -9
-15 40
20 52
2 -54
-57 -73
12 -42
49 6
-47 -71
-4 -32
26 -72
-48 -63
5 -22
-45 3
67 -68
32 -62
-47 7
-70 39
-34 -69
-31 41
74 23
1 -43
44 20
-60 -59
-29 -12
-73 18
42 26
-35 72
-30 11
27 52
36 -66
-2 -49
-16 10
15 53
9 -58
-4 55
-61 24
13 33
51 -28
-21 -19
-40 56
54 -46
-64 -17
-65 25
-37 -71
-57 -14
8 38
75 -6
50 -9
12 24
-50 61
27 -30
-7 75
8 10
-3 -59
-52 68
-32 21
71 72
-48 -35
28 -70
-22 -13
33 46
23 -6
-58 37
-15 -66
-18 -20
43 38
-44 -2
-64 -60
-62 -34
-11 74
-25 1
-31 -19
-53 -29
-47 -5
36 45
65 -54
14 73
-39 -41
55 51
67 -26
16 -4
56 40
-42 49
-63 -17
69 57
-70 -11
49 -8
43 -5
3 17
48 21
-56 -27
-32 36
-6 25
-15 71
66 -23
-47 68
59 -42
-60 -39
41 -24
-20 -31
-72 -73
-1 -13
-58 2
16 -54
-38 -26
45 -50
62 12
-33 -34
44 10
-9 -75
22 -64
61 -63
53 -4
46 37
28 -55
51 -69
-74 -35
-52 18
30 29
-65 -57
40 7
-19 -14
67 47
-62 55
-14 -6
-59 -16
-72 18
-32 73
5 -64
-1 -36
-48 -65
-67 -9
-34 66
24 42
44 74
-71 -38
12 19
26 -35
58 -61
51 -21
46 25
-43 29
-57 30
10 54
-49 33
-53 68
11 70
8 3
13 2
-45 -40
-75 -56
7 27
-23 -28
41 15
-69 4
-37 39
60 -20
63 22
-17 -50
52 31
43 -29
-60 53
6 -27
-24 32
57 50
52 -2
-37 -12
-69 75
26 -15
-22 -71
-42 -13
11 41
-30 -47
33 58
46 -54
14 17
-21 -45
72 7
59 -63
73 -10
-36 67
-55 -61
-28 -31
64 8
62 -38
-18 68
-48 -40
-35 23
-66 -9
34 49
1 -20
44 74
4 -51
70 -19
-39 25
-5 -65
16 -56
3 -34
-72 -7
3 -15
-32 9
70 73
48 54
18 44
42 -41
-27 28
4 -65
11 35
-61 68
-30 43
38 64
55 67
-2 -57
47 36
-24 -23
59 -13
-50 75
-66 -8
-62 21
51 -10
37 -46
39 58
12 71
-5 19
69 31
45 29
-40 -74
17 26
20 56
22 -33
-52 14
-16 63
-53 1
49 -25
-60 -6
-32 68
51 -66
41 -26
-24 -64
-22 -20
8 46
21 -36
-19 -61
70 58
69 -2
-60 9
-72 3
55 48
34 11
57 4
42 -12
-43 47
-18 29
-56 -40
54 -7
44 38
-53 75
39 74
71 73
27 25
-1 -37
30 31
59 10
28 50
15 13
49 16
62 35
-5 -52
14 -17
-65 -23
-33 67
63 -6
45 -11
-14 -66
-33 -68
-28 -60
26 -55
52 51
34 43
74 -20
25 -23
47 -35
45 -9
16 -22
59 -44
6 -65
62 8
-15 -5
53 3
49 -19
21 38
1 -58
-4 70
7 -39
-71 41
-67 -29
73 36
32 17
-10 -24
50 31
-61 2
37 57
-42 -48
12 -64
-13 -30
-72 69
40 -54
56 -27
46 75
63 -18
38 -15
-5 -35
-25 -46
-20 -70
-67 29
-51 -2
65 -66
-68 17
7 -23
-4 -75
6 50
-28 -62
-14 -18
73 -10
-61 -52
69 -37
31 41
47 64
-11 -39
74 36
57 -40
19 54
-43 33
1 -26
-71 -58
9 -30
53 59
-24 32
-34 -49
27 -44
-56 -48
63 -45
16 42
22 55
13 8
-12 -21
60 72
3 -75
-73 -48
-50 -42
-21 -62
9 -14
35 24
7 -20
-47 -45
-1 36
5 -70
41 -72
49 -44
-52 -34
64 65
-33 43
32 -2
17 -39
6 71
-30 -11
-22 40
58 4
31 -26
13 60
66 19
-38 -55
51 -10
-68 28
61 -53
-16 63
18 -69
23 37
54 -29
-67 -74
8 -56
-3 57
46 59
-27 15
-25 -12
51 -67
65 -26
-44 -70
46 -35
-5 -53
15 18
-17 19
-32 -39
11 -40
-61 59
3 -12
-34 -43
-31 42
-13 60
72 -24
2 48
-21 -38
-25 -14
49 10
20 62
-1 -69
-8 57
-64 -55
50 -66
47 -63
-41 -23
56 52
45 -16
-68 -4
7 58
30 -37
71 33
-27 6
73 -9
22 -28
74 -36
-29 54
75 -72
60 26
-30 39
31 -23
-12 19
-64 -21
-73 62
-35 -36
48 -71
58 13
-28 66
50 -8
-24 -54
46 4
47 63
1 20
25 -33
38 -3
67 45
-51 -55
44 16
70 41
29 -56
40 9
6 17
49 37
-5 27
-42 59
-14 11
-65 -10
43 53
-34 2
7 -18
-69 52
74 -68
-22 75
61 -32
-57 15
-29 51
-46 20
-8 -6
-16 -21
-42 -44
-11 -22
69 57
45 -9
-65 -68
-60 24
-26 -71
-36 -73
-50 -12
38 5
-67 -53
18 70
1 39
63 -62
-19 -64
61 58
43 -75
-2 25
3 -59
-55 -37
-30 33
27 54
-48 -15
7 -40
41 32
4 28
-10 -47
66 -17
52 56
-14 -35
72 31
-34 23
-13 74
49 30
43 1
41 -19
75 -28
-62 -24
35 -45
-57 31
39 -71
37 -15
-58 -4
-66 5
33 74
20 -32
-17 -2
10 34
-27 13
-69 -68
-44 42
-50 -55
49 -51
67 40
64 -16
-61 6
-70 -46
9 -48
-72 12
-73 -29
60 25
3 -22
11 47
7 -63
56 54
26 -18
-36 14
53 -52
38 -59
23 8
-21 65
31 21
66 56
27 -64
-11 -25
55 48
-28 -26
69 -51
-5 -53
12 60
-59 75
73 45
-1 33
47 -37
-20 68
-24 30
22 -54
-8 41
29 32
67 18
-44 62
-4 -57
3 39
34 -16
-6 9
-23 -19
42 -72
-52 -65
-70 38
-13 10
15 -43
40 50
-36 -17
-2 -63
49 -74
-35 -71
46 -61
-7 14
-58 42
53 45
-30 -10
-3 -29
-13 -24
-40 57
73 2
-74 61
68 -50
8 11
39 21
-70 -22
-36 12
-48 1
-7 14
-5 55
20 34
-35 9
64 -51
-71 -62
46 18
-67 33
25 32
-37 -47
-72 -23
-69 -75
4 19
-54 -16
60 44
-15 -49
-26 56
28 38
43 -17
31 41
58 52
65 -63
66 59
-27 -6
34 -20
-44 -47
-5 -36
-27 25
-2 -26
-14 -64
10 6
-16 -37
-53 -40
73 -65
-72 -74
67 -11
-63 -54
12 -70
-17 50
-46 56
-13 43
-51 8
68 -57
75 62
42 -4
45 -41
-61 -60
-22 15
-32 49
-30 24
59 -31
-9 -69
-7 -71
-66 23
1 33
-19 52
-28 -35
-55 3
29 39
21 -38
-48 -18
-58 67
-10 -37
-4 23
-11 -13
73 -49
52 -72
-40 17
-44 47
-9 15
75 -55
-43 -38
-12 -61
66 -30
74 5
-60 26
-63 -32
48 -58
19 -6
70 -28
29 -3
18 69
14 -46
42 21
71 -8
31 59
-36 65
-25 45
-35 27
51 34
22 7
-68 -33
39 -1
-16 -54
-56 -53
-41 -2
-20 24
57 -62
-64 50
35 -10
-61 68
50 31
46 -11
65 13
36 14
60 -27
-28 57
-29 22
-4 5
-30 -25
16 49
45 -70
-59 -40
62 -20
56 -7
24 71
66 -55
-39 -73
63 -33
9 -37
19 23
-48 -2
52 -43
-34 -74
69 -51
-15 -54
58 -8
6 -38
75 41
-53 -17
-3 -47
32 64
-12 18
-72 21
-42 -44
1 67
26 30
-16 -41
25 3
-33 5
64 -42
39 -56
-43 19
-69 60
7 14
-15 -73
67 -65
13 61
-22 -24
36 -9
-50 71
75 31
-37 -68
10 -23
-18 28
11 -59
-20 6
26 17
-48 -4
-47 -1
53 -21
12 -55
-62 -51
52 66
-58 27
-70 -74
34 -40
-49 46
44 -54
-29 63
45 32
38 -2
57 -35
72 -8
17 -49
64 -59
28 51
-60 70
-72 -73
67 -19
26 45
-58 44
-4 -27
38 61
1 -48
-11 -35
-46 31
37 -13
9 -7
30 34
55 42
43 41
63 -54
47 62
65 57
22 24
-15 32
33 -18
66 8
2 14
-29 -23
-12 56
-75 52
-50 20
-69 -5
-36 71
74 -39
-25 3
-53 -10
-16 -6
21 68
-40 -17
75 13
-28 61
-6 -11
-47 -53
45 -18
-73 7
-35 -42
51 31
-55 -16
10 63
-59 25
4 -19
-46 -24
38 65
74 68
-64 -60
20 -1
69 -71
72 -67
14 -34
9 66
41 32
44 2
29 36
-39 54
22 -62
58 -3
-37 26
-56 57
52 40
-8 27
-23 50
43 21
-5 48
49 -70
33 -12
15 30
37 58
12 -72
28 35
16 38
60 -15
-23 -70
-21 -2
34 64
22 -36
-1 -75
61 -41
-8 45
-13 29
-27 74
5 -68
65 -9
47 -54
-46 -48
-73 -19
-30 -42
6 -67
63 -56
18 -71
-59 -26
-14 -44
11 -55
49 20
69 -17
24 43
-66 -31
-53 7
25 -50
-51 33
-10 62
32 4
40 39
-57 52
-3 26
-71 17
-21 -23
18 -24
15 -2
-35 66
-74 27
50 -8
9 41
53 43
-40 -75
-22 31
-67 44
32 20
-14 69
70 48
42 38
-5 -60
-11 -55
10 -3
39 45
58 -33
-57 65
13 -16
28 -37
-62 -1
-63 -54
-47 -68
-73 56
34 29
-59 6
-72 36
46 51
-61 -19
-52 4
64 -49
-7 12
-30 -25
54 -32
44 -13
37 -51
20 -45
-47 7
59 -74
72 -28
43 -61
23 -57
9 8
46 73
69 56
-35 25
-68 -14
67 12
-5 -16
-17 -2
48 63
65 -3
-22 -55
-34 -4
-70 -50
71 15
-64 -31
-52 18
29 -39
-49 60
38 -6
-66 -24
-40 30
26 75
33 1
-41 42
-11 -27
-19 -21
-58 -36
62 -53
-10 75
-62 -37
13 -32
8 -1
64 -9
-23 72
30 45
71 67
-39 19
74 60
54 -17
-63 6
-68 -48
-56 -52
5 -29
-22 7
-24 20
28 21
15 -47
4 43
-49 -66
-35 -44
26 -11
53 -14
-50 58
-69 -46
-55 18
12 -25
33 27
42 70
31 -57
16 34
-65 -3
-40 -51
61 -38
-2 41
73 59
10 -36
-18 -20
-69 9
44 -68
-13 -46
14 73
-24 -7
-56 -5
-40 57
29 6
-59 -23
-36 -61
-22 -32
43 53
27 12
-64 -4
3 -58
-66 16
19 -51
48 -65
-17 -47
-52 -50
55 -71
-67 -37
11 42
41 -54
70 31
-33 -75
-62 -30
25 -35
63 49
45 -21
72 26
28 2
-39 38
-8 10
1 -74
34 -60
-15 53
-29 43
68 -24
62 -36
-75 -73
-1 66
-19 -45
-44 -50
-72 -10
-70 -52
-55 33
38 -67
51 -15
-11 -64
46 22
21 5
65 60
-69 61
-39 3
57 -2
-27 -13
41 -12
-28 -71
74 -63
-7 -14
56 -18
26 -54
-6 -9
-48 23
-40 -17
-20 -49
35 -42
47 58
32 -59
-4 16
34 8
-25 30
31 -37
-44 72
-3 49
-75 -14
20 33
-15 36
-8 12
-63 -18
-19 57
-61 -69
-50 70
6 -41
21 34
62 9
51 -73
10 25
-42 67
-64 59
-24 32
-47 1
-28 58
-66 71
56 -5
-45 11
53 -13
-27 29
17 -30
7 68
26 2
-38 -55
-22 -52
-48 -60
-46 -4
-43 -35
-74 -39
54 40
37 31
-65 23
-16 1
17 32
24 -19
5 52
40 -12
21 61
26 49
-66 -56
58 33
-67 70
-29 -59
31 39
-9 -28
-18 53
-42 -72
-41 -34
35 -69
74 -57
14 20
27 -22
-6 15
-65 -46
-30 54
-51 -36
37 -71
55 -13
-38 -75
2 3
-25 -43
-64 -68
7 -73
48 8
-50 62
-11 45
-1 23
-10 -44
-47 -63
4 60
14 -10
-65 46
4 -35
18 47
-44 -28
-71 26
-21 6
-27 -5
-68 -58
-52 11
-74 -25
60 69
22 63
3 16
-32 -20
-55 -64
-75 30
-38 29
67 13
-53 -1
-45 66
59 17
-42 -49
40 -43
15 36
8 56
-41 50
-9 -54
-24 -73
-39 -7
31 -37
33 -70
57 -19
-12 72
61 -48
-2 62
23 -51
34 8
72 -35
-52 68
-46 49
-5 -55
9 -33
28 58
39 40
-11 -36
-14 20
-29 -45
-15 30
16 12
-59 -41
73 -7
-1 51
-65 -50
69 -62
-24 -32
66 -27
-3 74
48 67
-64 -44
-2 -21
18 -37
75 43
-19 56
4 38
70 -31
-63 -34
6 -25
-13 53
23 -47
-42 -26
-54 -71
-17 -10
61 22
-57 -60
-31 -63
-47 68
-9 -6
-19 -50
39 -16
14 -45
22 27
64 -34
15 -40
70 -51
35 49
-5 -60
-28 -32
62 8
-41 43
3 -72
-46 -71
73 -37
-13 -2
18 36
-52 66
-42 -17
75 48
-29 -23
74 7
12 -4
53 11
-26 -44
10 -59
30 61
-55 -58
-57 -1
-56 38
65 -67
-24 20
-33 54
-25 -69
21 64
-75 -56
49 -33
-60 8
-42 41
61 -38
-52 -4
10 47
-26 -3
-62 -2
-34 -48
63 70
45 -50
-30 -53
-65 7
24 20
-59 -31
36 -58
68 -19
-6 -74
46 -69
13 5
29 27
57 44
18 -12
-23 43
-40 66
9 -71
-72 -55
39 37
-21 32
-54 -14
16 -15
-17 35
-25 22
-1 28
51 -73
67 11
-71 28
11 35
-61 19
45 -48
51 49
17 69
-33 -30
-22 50
60 37
21 67
-59 16
-36 -41
-39 -52
63 34
-54 -53
-40 5
-13 74
73 57
-31 58
-7 -38
14 -75
-8 3
10 44
66 -25
18 4
26 -65
-64 47
15 70
62 1
-12 -27
-32 -29
42 46
55 56
2 -9
20 -24
43 -72
-68 -6
23 -74
-51 -12
-46 -20
-38 -26
69 -63
59 -14
45 -64
11 -41
31 7
57 -49
-22 30
-19 36
-32 42
54 37
62 40
65 5
8 -72
-9 71
33 3
-18 -50
-4 2
6 -55
-61 -17
52 21
-75 -67
-48 56
43 73
58 23
-66 -25
10 29
60 27
-24 13
-70 -44
-16 -28
68 39
47 35
-53 1
-34 15
-61 20
-9 -10
-13 -39
-44 -71
-56 6
-58 28
52 -35
12 -23
49 29
48 34
-1 -40
-64 38
65 -19
2 21
-51 27
-53 22
-16 14
-18 -36
3 -70
45 -7
-37 59
47 -41
4 -50
24 -32
-46 30
17 5
57 43
-42 15
72 67
-25 -33
8 -66
60 -26
-54 69
-75 74
68 -11
-73 62
-63 -31
55 16
61 -72
68 -3
71 -47
-17 -13
-49 -50
35 21
-73 30
29 12
-54 55
-40 -19
60 -64
-38 27
75 -10
-22 -5
70 4
39 59
-2 -74
34 43
6 -7
36 -37
-53 67
-8 -26
32 41
-62 51
-1 18
46 -42
66 -44
15 -57
33 -23
69 -56
28 -52
45 -25
58 -9
14 48
-11 -20
-24 -65
-63 -31
20 -59
45 -3
27 -70
16 -17
2 -60
48 57
-39 -66
14 28
-75 -9
-69 -49
-67 41
65 23
62 42
1 -55
-25 -31
-33 -26
29 -68
64 -71
-58 -74
-7 -52
30 73
-13 -43
5 72
-38 -6
-63 -32
-44 19
-22 -35
-18 12
46 -8
-61 50
-51 -47
24 -34
-53 -54
15 -36
-11 56
-10 -4
40 21
-37 -27
61 42
-64 35
-1 28
53 36
-55 -21
-11 4
66 -46
73 -2
-22 -38
-12 19
-32 -59
69 -74
-68 -3
33 14
37 41
-18 45
-7 -15
-47 -9
-10 -58
-71 -49
25 20
-56 44
-48 67
65 70
29 43
-13 -16
40 5
-24 -60
17 -34
57 8
39 26
51 -72
52 31
-54 -75
-30 6
50 -23
-62 -63
48 39
-12 19
5 -41
-69 -17
-34 8
36 14
28 -57
44 15
-16 -1
-37 -46
50 68
-64 -26
-7 -25
29 -61
-65 -58
-13 -2
-51 67
6 35
22 63
-75 -23
-42 49
72 60
56 59
-54 -43
40 53
-62 -3
27 -52
-4 -55
-9 -31
-10 20
71 -21
45 66
70 -74
73 33
18 38
11 -30
32 47
-24 49
20 46
-52 1
-21 47
48 74
-6 -24
69 -73
15 -14
-2 8
16 31
-30 -53
10 7
55 -11
-65 -38
54 -18
-62 67
51 -72
17 34
-19 -56
-43 66
-68 23
28 59
13 -57
-12 -42
-64 71
5 58
-26 37
32 61
75 27
41 39
-33 -35
-60 -50
-4 45
22 63
3 44
-40 -70
-36 -25
-9 29
35 12
-39 73
-18 -62
-4 40
-74 -30
-26 -11
42 -61
-28 -1
50 44
15 -20
-51 -29
-7 36
-68 46
22 -37
33 64
-21 49
58 60
45 -70
9 6
-53 38
23 -54
-43 -5
57 13
52 -27
59 -69
-17 -24
-48 63
67 3
-65 -34
-32 31
25 55
19 72
-66 -56
-41 -8
75 2
-47 16
71 -10
-14 4
-56 -47
69 -23
50 40
53 -57
3 -46
-1 51
21 -7
63 -65
18 -73
55 64
13 14
37 -72
-28 62
-38 -6
20 30
2 -29
-16 -11
-5 -34
-48 -22
8 31
26 52
67 71
68 -59
-35 58
-17 27
-44 75
70 -25
42 54
-41 -32
36 66
-33 12
43 15
39 -49
-9 -10
60 45
61 -74
-19 24
-29 -38
-4 20
39 72
64 -2
36 59
-27 -15
-46 50
-26 67
11 18
-73 14
45 -70
-71 1
-21 -30
52 -75
49 43
-6 -68
-56 8
-37 55
-17 65
42 -60
66 -58
-31 -44
-7 -32
-54 -9
-57 35
12 33
-24 13
3 -28
62 -34
-74 -63
25 -5
47 61
-19 -41
10 -53
69 -51
22 23
40 -48
-16 -53
18 70
5 43
44 28
58 35
16 -42
3 -20
-46 -4
62 -69
11 -1
2 -45
-48 -19
-31 -9
-32 -40
30 33
68 -60
59 66
22 72
75 -25
-54 51
37 8
38 26
-71 -52
-14 73
-10 41
74 49
-34 17
27 61
36 -21
-24 -13
55 -67
-23 15
-65 -56
-63 -50
6 -39
-57 -12
-29 -47
-7 64
-71 75
6 -45
1 67
-36 -2
-74 -4
42 -50
12 -46
27 -62
-60 43
73 -37
-63 44
-15 31
-23 -21
72 -22
35 41
70 48
-8 65
19 -57
30 64
61 3
-56 9
54 -38
25 -52
-24 -5
34 26
58 55
-66 17
39 20
69 51
-47 28
-33 -7
-40 -16
59 -68
-18 -32
10 49
-29 53
13 14
11 75
28 54
21 -18
-51 -48
-32 16
-36 73
60 -22
-43 -62
-23 39
-70 -56
-72 55
-34 71
-44 -41
-13 -53
49 -26
-1 -24
66 -17
-52 -19
-25 -46
-9 -40
-65 -50
68 30
2 10
-15 -61
-67 8
-14 -42
-38 29
-27 -45
11 -12
59 -31
-5 -3
-63 -64
37 -69
4 -47
-7 57
20 35
58 -6
74 33
-59 -37
51 27
-3 44
-36 30
-54 -50
66 -65
64 -47
-42 -52
33 -57
-60 12
75 -19
43 -7
62 -48
68 -24
73 67
28 -14
-26 74
29 -40
13 58
-5 -56
35 -55
-38 -4
18 8
-16 -32
-72 -6
-70 10
-45 17
21 53
-2 -20
-49 41
-1 71
22 25
31 -39
9 69
15 -34
-23 -61
-63 11
-46 9
-41 53
-8 22
11 15
-47 40
27 30
-16 51
67 54
13 -25
46 -68
10 -20
74 61
-29 -7
57 23
21 -18
42 64
44 -31
34 -2
62 -49
-3 -75
-73 28
50 -52
-14 6
1 -71
-5 -72
58 19
70 17
24 56
39 -55
33 26
-12 -35
59 -43
-48 60
-4 65
-37 -69
66 32
-45 -38
36 -63
-24 38
33 -68
-13 -48
-23 -64
63 46
-75 -22
6 -71
-74 -21
53 -65
-30 42
5 -57
-60 -36
-8 70
-27 66
54 32
-47 37
-51 26
40 -7
44 50
-49 20
58 4
-56 -34
17 69
19 -14
-18 73
11 -67
45 -43
-1 28
31 9
3 41
10 62
72 25
59 12
-2 -39
29 52
35 -15
16 -55
-61 46
-7 -62
-19 -12
-23 17
67 -2
-54 25
72 -5
-37 63
-18 -49
45 35
-31 -42
29 30
60 -56
-27 14
57 71
3 -40
65 39
-52 -59
-4 -68
64 -6
-32 26
-47 16
66 -75
53 -73
74 -43
1 33
-38 -24
-55 -36
20 -51
-58 -28
-50 -34
44 15
9 -41
-48 -70
-21 13
22 -61
-69 10
8 11
-32 14
6 38
-10 -33
-7 68
-18 36
-37 -73
-70 42
-23 29
-15 -56
-21 -49
72 -26
-31 46
17 4
22 -3
-74 -67
35 28
-27 -2
55 61
41 47
64 -34
16 -71
11 -62
20 -25
69 -51
50 -12
-60 39
-45 24
-75 19
-65 66
-9 1
-53 57
-63 48
-52 -40
43 8
-54 5
-59 58
-13 44
-30 -70
-44 -36
53 32
43 52
-38 39
2 10
-24 27
-1 -66
-45 18
-9 -61
-23 -58
71 -57
42 -72
8 -62
56 -73
63 -29
-20 -48
69 3
-68 13
-41 -26
-15 25
-5 55
22 -40
33 74
64 -50
-65 -16
4 34
75 -46
28 31
14 60
-35 47
54 30
-19 17
-67 12
49 7
59 -37
11 -51
21 -6
1 24
11 63
-37 -53
-39 -45
-25 47
64 44
-38 71
26 65
-10 -9
-49 58
-60 5
-50 57
-48 -2
17 -59
-3 15
29 18
-33 22
34 -40
-61 -23
-8 70
-12 42
69 43
73 7
-14 -32
-68 -30
56 62
41 -19
-35 -52
-74 27
51 -72
6 -54
-46 66
-28 -75
-55 21
16 -31
13 -67
-20 -4
36 -72
-65 -52
53 -44
8 -12
-51 46
-63 50
71 -59
-11 -74
34 10
-31 -18
-17 32
-48 56
57 73
61 35
58 6
20 24
67 40
19 16
-49 21
-66 -3
22 -1
39 -28
33 2
13 62
69 70
43 -27
-14 -64
15 -9
25 7
-30 60
47 -42
-4 -54
-5 29
68 -26
23 -36
-45 -75
-37 41
55 -38
27 51
12 -64
69 -13
-62 16
53 -35
-2 -17
-41 38
25 -28
-9 40
66 -73
-75 23
55 11
-18 58
-54 -39
-61 29
-67 -10
-65 -4
-70 -30
-31 49
-45 50
52 -8
68 15
21 33
-36 -42
-57 71
-74 14
60 -3
-43 -63
1 -20
46 7
72 -59
32 47
56 -24
19 5
37 48
-44 -34
-22 -26
6 -4
25 -1
60 -10
70 65
41 -72
3 29
-26 48
-19 -21
-18 34
-52 -62
47 7
-71 -20
24 33
-35 32
-23 -14
-31 -45
-16 6
-67 -43
-49 -64
-17 53
-57 -59
-55 12
73 -37
-68 -8
-63 9
40 58
-5 30
74 46
56 -61
-75 50
-27 51
44 66
-54 -69
11 -15
22 -28
-36 -2
13 38
-42 -39
40 -52
-29 -41
-22 42
20 -3
-18 -62
1 24
-48 68
19 -7
57 32
51 67
55 -53
27 -36
-13 -11
-39 30
31 58
23 61
-33 -9
21 50
-28 -60
25 -38
-70 -72
14 46
-47 37
5 -43
8 26
45 -2
-34 -12
64 -44
-49 75
10 -56
59 63
-65 -6
69 73
-4 74
-15 71
35 17
66 16
54 29
65 7
71 -5
-36 -44
-40 72
14 49
57 -12
48 6
9 58
-41 -20
26 4
-42 -8
-38 18
-16 -39
52 27
-56 32
-33 -28
-69 21
51 -75
-67 -62
35 34
-1 15
31 -43
-30 -59
-68 22
24 -70
3 -73
-55 -46
-23 13
37 61
11 -10
45 47
63 53
64 -25
19 -2
-54 66
-74 -50
-60 -17
-25 -35
-44 -53
-2 -36
-68 -42
52 34
-39 -60
29 27
40 33
20 21
46 -30
-59 -14
-61 -4
-47 -74
71 -15
-73 54
-3 -31
32 58
-63 26
43 -69
-72 55
-49 -41
-24 -23
12 75
48 -16
64 56
-22 -11
-6 38
-51 57
-66 5
-13 -62
-8 19
-18 1
-45 -50
-7 65
-9 -67
-10 28
70 17
-37 -66
50 -72
-61 -58
-3 -8
41 -63
-29 10
42 -37
-69 -38
-74 60
24 -22
-16 20
-34 -68
-73 39
52 -4
67 -75
48 -56
27 11
17 25
-31 -12
-54 53
-47 70
-1 13
46 49
35 -57
-65 -59
55 -32
36 -30
-6 44
62 2
28 15
26 43
19 -51
21 -64
-45 40
-33 -14
71 -23
-9 7
18 5
21 42
-33 -2
45 48
-26 -18
38 -49
-8 57
-9 -51
-10 -43
-74 -59
-69 53
70 12
67 34
-3 -56
31 -29
-40 47
28 -20
55 -15
-5 -37
-27 35
-7 6
25 -16
-24 50
-4 66
23 54
-65 64
-68 41
52 -62
-61 -71
-73 -14
58 17
30 -60
-19 11
-13 36
46 -63
44 22
-39 -32
1 75
-72 39
72 -17
6 -40
-21 60
71 -53
-50 52
-25 9
20 24
49 47
69 62
42 10
4 56
5 51
46 -31
-35 -18
-14 -37
32 61
63 -11
-1 -30
-16 -7
13 -12
-29 44
33 57
-41 -38
67 -70
-73 54
-22 3
58 -8
-26 -55
-45 -15
2 -28
-43 -23
27 -75
65 -66
19 48
74 -68
59 64
36 34
-40 -58
18 -68
-19 -28
5 8
-30 52
-66 64
16 61
54 -38
43 50
-34 -13
-12 -32
-74 24
49 -11
42 -4
-56 73
9 -51
-69 -37
31 -35
7 48
15 22
-59 -3
-72 20
-62 -36
21 -27
65 46
-26 6
33 -2
63 -60
-44 -55
-29 23
75 -39
67 -57
53 1
45 17
41 10
71 47
25 -14
-70 27
32 35
68 -40
-52 39
17 61
-41 -26
70 37
10 38
-73 -69
11 -13
2 19
-43 -16
-21 29
-53 71
-31 -24
46 -63
-14 -75
-62 30
-59 8
-49 -34
-74 -44
5 -50
54 -23
-20 -47
-33 9
3 67
-60 56
-65 -25
72 -42
-48 -15
-1 -18
45 6
-12 51
4 36
57 28
-7 64
55 66
22 58
-44 -20
26 54
51 -15
8 -43
-55 23
59 47
-75 -36
-71 -46
7 -14
28 -21
-24 35
19 -34
-5 74
-2 -6
-25 -58
-62 52
16 40
-29 48
-70 32
56 53
50 -4
-9 12
-22 49
72 -57
-27 -61
-10 -73
39 -67
63 1
38 37
-64 -42
65 69
11 66
68 17
-31 33
-3 -60
41 13
30 -45
-18 54
-6 -69
22 -37
43 -75
74 53
-61 -62
71 -52
-30 1
-25 -5
-36 44
67 -73
9 -72
-11 -29
-70 45
60 -64
-66 2
-47 51
-16 -17
-13 55
46 57
-23 -21
49 -65
-7 -27
50 -56
15 19
34 10
-40 12
41 -32
-33 -68
-59 28
-14 -48
-4 39
-8 31
-38 63
35 24
-58 -42
-20 -18
3 26
-3 13
-5 70
22 73
-51 -53
72 68
-50 52
75 -71
58 2
-55 -43
-30 -54
-28 69
32 27
6 8
-64 -66
61 -15
7 60
-56 18
-62 24
-47 4
23 14
-36 74
20 16
33 -9
-45 -34
38 -49
-35 -17
-37 12
48 -40
57 -29
-63 1
-11 59
67 -26
65 19
39 42
31 44
-41 46
-21 -25
10 11
57 13
-24 -74
45 38
71 -56
-64 -15
-32 70
69 -23
-29 -14
26 51
-50 36
11 -73
-3 9
-40 61
-44 41
52 28
-5 -63
54 -25
37 -72
67 42
-18 53
-16 6
-39 -65
68 48
-33 -7
46 12
58 34
-49 -35
-21 -19
-66 -75
8 17
1 62
-31 -59
-55 2
-43 47
-30 -20
-60 4
22 -27
66 -71
49 75
23 -4
67 27
-24 14
11 12
-16 -44
-17 -6
57 -25
-39 -65
-61 28
-26 22
-9 29
8 -21
-62 -68
20 59
15 1
35 -55
-53 -74
-40 38
-50 -56
30 73
-37 13
32 54
-72 -52
-36 -48
5 -42
31 3
-7 69
-58 41
34 70
63 43
60 -33
10 45
-2 46
-51 -64
-19 -18
-47 -61
60 -2
-63 -27
5 -41
75 -10
-13 -70
-26 15
-73 -58
-48 -68
55 24
52 31
39 47
-3 -29
-23 -34
30 -51
-36 19
-62 -9
-49 17
-38 33
43 50
-40 57
18 7
-35 -16
-72 -67
20 -11
64 66
-6 -53
54 1
65 74
37 -8
56 -59
32 42
-45 -25
46 -71
22 14
-44 4
-69 28
-12 -21
51 -40
50 29
-34 75
53 23
65 15
-73 -47
30 7
-16 35
33 55
-61 46
74 14
-24 -22
48 9
10 62
31 18
67 44
-27 -42
20 -12
-26 63
2 45
-25 -8
-13 -28
71 69
-4 -37
68 52
-11 -56
60 -66
-70 -49
-58 59
-1 5
-43 -41
72 38
-54 -6
-64 21
32 39
19 -36
17 -57
-3 15
40 58
-4 24
-17 70
61 -32
-10 -43
-8 68
26 -28
48 -12
-51 20
65 -69
-50 18
-44 -27
-66 5
74 -13
31 -29
33 -30
54 46
-57 56
-47 22
-23 35
72 -41
52 -6
-3 2
-39 -45
71 -37
-34 -38
36 -9
53 16
64 -25
19 67
-75 60
-49 -62
59 -1
-21 14
73 55
11 -7
-63 42
9 -62
-20 -60
7 -48
-18 35
75 -53
39 -37
3 31
-65 -55
-1 51
-45 -29
33 10
44 22
-30 -46
-21 58
-2 -73
52 32
-72 47
17 -40
8 -24
34 54
-57 -38
25 -12
-42 68
-71 66
-67 -74
5 43
-69 23
56 26
64 -27
-28 11
14 41
-70 -36
-59 -15
-61 -50
6 49
19 63
13 16
-4 67
-58 16
-47 -49
43 -11
-56 -14
69 34
-25 -46
64 4
-27 -68
20 -65
-50 2
-55 7
9 -66
52 -3
-41 -44
-22 62
70 24
15 74
54 -36
-60 45
48 10
-21 -29
-6 42
-71 -73
1 35
53 -75
-12 18
63 -19
28 51
37 26
72 17
-61 57
23 -31
13 8
-30 33
-38 -32
39 5
59 -40
24 50
-65 -5
31 47
-11 71
18 37
-41 6
67 -33
64 74
-44 43
-46 -60
-29 25
63 -7
3 -42
-72 39
-66 -58
35 17
-73 36
1 16
-13 8
-30 -56
75 -69
-34 19
61 32
10 -52
62 38
-54 -20
-55 -14
-9 -28
70 -49
-40 57
45 -59
-51 -4
-27 23
68 12
-15 -26
48 -22
2 -21
53 -65
8 -56
5 -3
71 -34
35 -1
45 -10
-15 -64
63 20
23 9
11 -13
-68 -61
-60 39
19 -72
-31 26
62 33
14 21
36 -40
27 30
-49 6
-24 -51
42 70
38 -44
-59 67
-17 53
66 -16
18 29
-73 -12
-28 -37
-32 -7
-57 -52
41 46
47 22
4 -69
50 -74
55 -54
-75 2
-25 -43
48 58
-14 -39
7 -28
35 -22
-72 -17
-42 -64
32 -47
-36 55
15 20
23 -70
-52 16
-53 -26
-9 29
34 25
-10 12
-63 21
73 -57
-18 31
2 59
-3 -68
38 -66
37 -27
13 58
30 45
-33 62
-1 -67
-54 48
-74 -56
-44 41
75 19
50 51
24 -40
46 -60
43 -8
-6 -69
61 -49
4 71
-5 -65
-11 40
20 7
17 -58
10 -45
13 -71
-38 -23
3 -16
32 33
62 5
-1 -56
60 -28
-44 -9
-41 11
-46 -49
43 39
25 69
-34 52
-42 24
14 -30
-6 -37
12 21
-50 22
74 -18
-55 -73
64 29
61 4
-47 35
-54 -70
75 -8
-57 -36
-31 -65
-26 63
72 -59
-27 -15
67 68
48 2
19 66
53 51
24 22
-68 -64
41 32
-66 -34
58 27
67 21
23 -57
-28 56
-75 48
61 5
-31 -30
-26 40
51 8
-46 -6
-7 -9
1 49
-71 4
-11 -29
-43 -33
63 62
47 16
70 -73
55 38
53 -39
14 17
13 74
-10 50
-59 15
-42 72
20 -3
-35 60
-18 -65
-36 19
44 -2
-45 -25
-12 69
52 37
54 65
64 11
72 20
-38 -42
-12 -32
35 -28
18 16
-3 -54
-51 -67
53 -69
-25 21
26 7
2 9
47 -50
-58 -33
-14 -23
70 46
6 -56
75 48
68 -39
-59 -13
66 -10
61 -17
-31 44
40 -37
74 -57
5 -15
52 4
30 -43
-19 -55
-24 -73
-27 -41
71 -63
-45 -36
22 -62
60 -49
-34 -29
-1 -8
43 60
-73 40
-35 57
41 68
-61 -23
51 50
22 -37
21 -10
64 -24
2 -48
-15 -31
74 32
66 -18
-30 -6
45 16
11 8
-7 -28
-56 26
-59 -72
3 -70
52 -25
67 -65
29 44
-55 42
-19 -58
17 -34
5 -49
-33 4
13 12
-27 -9
-62 14
-1 -54
-53 -71
-38 69
-20 63
-36 -46
75 -47
39 -5
-43 34
6 44
66 -12
70 -31
-21 30
35 2
-9 54
-10 14
-38 -17
47 -58
-67 3
48 -32
-74 -63
-36 -49
29 59
-62 13
75 -39
-26 -45
27 -37
-33 -56
18 40
-8 -19
71 4
-69 -73
-72 61
51 -11
-50 -16
-46 1
23 20
-24 -55
7 65
-57 -68
60 -25
-22 53
28 -64
52 -41
15 -42
-32 -4
-73 -38
56 47
-50 -6
-37 -49
-1 -16
-45 15
-41 59
14 -66
34 12
-22 -60
10 53
52 -58
-51 2
-18 54
-75 31
44 74
-7 17
-30 68
25 -46
-8 -55
-27 3
69 -61
62 -42
-20 29
21 39
-13 26
40 63
71 -9
-43 72
19 28
70 -65
33 -5
35 -11
64 -36
24 -48
67 57
-23 -71
75 9
32 45
-19 51
52 13
-67 -17
-36 21
31 2
15 -60
18 12
39 -47
10 -49
72 55
65 50
-33 38
28 62
48 -30
-53 -42
-54 -68
-61 63
-56 -57
70 35
-69 23
43 7
-74 -26
41 20
-34 -22
-27 6
-8 -44
-37 16
-24 -5
-58 -29
-40 4
59 -46
-1 -3
14 64
-66 25
73 -11
-41 -10
61 18
49 63
4 28
-13 -22
72 57
-69 52
-74 -50
-65 -11
67 -35
75 47
60 -25
-44 -38
-43 24
-15 33
20 -19
36 -48
-53 12
-66 73
-51 34
58 -37
30 -70
-55 -64
68 27
62 -3
-26 16
71 -29
40 8
6 -56
-32 59
-14 -1
-46 45
-17 -54
7 42
-5 39
-9 2
31 -21
-23 16
-37 -28
-74 -12
-63 25
53 17
-24 -23
-46 -22
-54 6
39 8
38 -66
-61 62
-34 -65
58 51
-19 -20
-29 18
-71 -41
-43 31
72 67
30 -36
2 21
1 -70
35 -27
13 -64
-14 -59
49 -68
-47 -73
-48 9
15 42
56 -60
5 50
-55 -75
-10 57
-69 -45
33 44
40 -3
-7 52
32 -26
-11 -4
-50 37
-67 -25
30 17
12 72
-4 -59
-11 60
75 34
19 54
10 -51
-42 49
-45 -73
52 2
24 64
8 -6
41 -16
-69 -55
-38 58
15 -47
35 -33
56 32
36 -68
3 5
43 -48
20 -71
22 18
-61 66
13 -40
-21 -14
-70 1
-63 -28
-53 26
27 -39
23 -29
7 31
-62 74
46 -57
65 -9
-44 -48
-51 17
-22 5
14 -32
-74 21
-18 -20
-63 -46
64 -65
13 9
-58 -56
-10 15
-68 -49
59 -35
-62 71
-42 -28
38 -54
34 -3
73 -33
-44 37
16 -6
-50 -69
12 -24
-23 -53
-30 57
-61 -39
47 11
27 60
-72 -2
-75 -55
8 29
19 -43
-36 25
-40 -52
-7 -45
-31 67
-41 4
26 1
66 70
66 -44
-63 -62
68 -31
-20 35
64 49
23 -55
-69 46
43 -52
22 27
73 -67
-10 -74
-37 -28
9 57
-17 -7
60 21
-26 56
65 54
-51 -2
-42 -29
5 -36
-18 11
70 -16
-34 32
59 4
-33 -58
-47 19
30 -15
-50 -72
41 48
-3 71
-38 -53
1 -6
-25 13
45 24
-8 -14
75 -39
12 61
40 12
-28 59
-31 65
72 -60
15 7
14 -51
-8 -13
-27 -61
37 -57
-56 34
22 33
23 -29
-4 26
52 -75
-40 71
-35 21
64 68
69 66
-53 -25
-19 -32
55 -10
16 -11
-49 -18
2 -17
9 48
-5 -38
20 -62
-54 -67
-45 43
63 30
46 36
42 24
-39 47
3 -70
73 6
-50 41
58 -1
44 -74
-5 -22
46 -71
-36 60
38 54
73 -3
67 -6
-61 13
-55 -72
44 37
-31 23
49 -34
-28 -47
58 65
18 35
-7 -64
25 -43
8 -42
-68 -10
2 74
-66 -50
9 -59
41 -70
16 -33
24 4
-27 -29
-75 -14
-51 32
-52 45
19 1
-12 26
21 63
15 17
-53 69
39 -11
56 -48
40 -57
20 -62
-30 46
-57 3
-17 -1
-16 -50
26 -14
-68 74
38 -67
-30 54
43 -35
59 -27
62 -11
-20 12
-31 -6
-69 -28
-22 -39
49 53
73 33
48 41
-23 55
5 36
-24 -63
-70 51
-66 75
-9 56
65 -21
71 -25
10 -52
-44 15
37 -4
8 -32
-47 -19
58 40
-72 -18
13 -61
-64 7
2 45
-60 42
29 -34
19 41
22 40
67 25
43 -56
-39 -27
-62 -10
34 -74
-30 72
-11 -71
-75 -12
66 -52
26 -60
42 -61
-57 -38
17 55
9 -21
-54 49
14 -48
69 -28
13 2
16 7
-47 33
70 3
29 65
-50 -35
-73 24
59 32
-45 5
-63 31
58 36
-15 -37
-18 68
-46 51
20 -4
23 6
44 53
-64 1
8 -17
2 46
-57 -27
75 -65
-30 40
13 45
-66 -37
-54 -56
35 12
33 52
-22 -23
72 -4
42 36
-8 -73
-7 44
-53 25
64 58
60 49
-20 47
-74 -62
19 -15
-69 -61
5 43
48 34
24 71
55 21
41 -10
-32 51
70 29
-39 -38
-68 -18
6 -50
-59 31
-63 28
3 -9
1 -16
-11 -67
26 -14
20 -24
-60 17
39 -56
66 35
72 57
23 10
61 -15
25 -70
-22 -50
5 13
26 11
68 -65
-58 -21
-47 30
-34 -37
64 14
-53 -4
-29 -75
67 -6
-42 51
-54 -16
-62 -2
-27 -1
-49 3
18 44
-32 -40
-48 55
-71 -31
-12 -36
-69 -38
9 -33
59 -45
-74 46
52 41
-63 -28
7 -43
19 -73
8 46
-10 52
-7 -26
19 -57
-16 39
60 -51
20 -73
-71 33
8 -11
31 -5
30 -53
12 -65
-13 -3
-50 -34
59 -61
-28 21
-48 -17
-56 -55
-38 -1
74 63
-62 27
58 29
-72 67
-40 -66
-15 -47
4 64
41 -54
42 37
70 14
35 6
-9 24
-22 -69
-68 49
-2 -36
75 45
-43 -32
25 -23
-18 -44
70 -1
-26 50
-34 -14
48 -62
66 36
-47 69
-2 -75
37 15
13 22
27 63
61 40
-65 28
42 -49
19 -41
-18 56
5 -25
52 -58
-3 -20
-51 68
55 -44
-39 -45
60 -38
-33 -21
12 67
7 -53
-59 72
-24 6
8 -74
31 46
73 -54
10 -23
64 -4
57 -71
32 -30
-11 -35
-43 -16
29 -9
-17 52
11 40
-47 -18
-24 -44
59 -34
-43 41
53 27
-28 -62
-17 -65
-32 -21
16 64
-68 10
9 12
54 35
56 -49
7 -50
-31 38
-14 -57
13 67
-33 36
19 26
-4 48
-46 5
69 6
71 -3
-61 23
37 8
75 42
66 63
1 51
70 2
-29 -60
30 15
-73 22
-58 -39
-20 45
72 -25
-74 -55
-57 30
-44 -23
-18 -33
22 20
-37 -66
40 45
-14 -65
61 25
-15 36
19 -2
10 -53
11 49
70 -28
-68 -21
12 58
-1 6
-26 -35
-41 -73
-63 -3
52 -38
74 -55
-7 -8
64 69
-50 47
-32 39
13 -27
-4 31
-42 -56
-46 16
48 17
5 -34
-51 71
62 29
59 -9
24 60
-54 -75
67 72
-43 -31
-32 -29
43 -21
-44 -15
-3 28
39 17
8 12
71 -37
9 70
27 19
-24 -1
-42 -53
-69 68
73 -55
36 -38
-74 -51
62 61
-63 35
25 10
-23 -67
-54 -41
-66 -18
-22 -65
-2 -47
75 72
-59 -40
-30 -45
26 -5
58 13
6 -7
-34 -20
64 46
56 48
16 49
52 14
-60 -50
-33 -4
-11 -57
-54 -31
17 -6
-63 59
-36 -52
-74 7
10 -64
-12 37
-46 49
-40 -18
13 -41
-34 28
19 56
-29 68
25 -14
53 -60
33 11
-51 8
45 27
-65 72
15 58
-61 -35
21 67
-48 -75
-2 -23
38 -16
-62 32
42 -44
-1 -50
26 -24
57 39
9 -55
-22 4
-66 70
-47 30
-71 69
-3 5
-43 -73
20 34
-48 18
25 -31
-26 -68
-17 -33
24 -74
-1 63
-9 -13
23 45
2 20
36 -21
-60 53
37 55
-32 -27
14 66
-51 -58
-11 -62
56 -49
-40 -8
71 59
19 61
47 -41
-38 15
-35 65
6 -64
-67 54
46 28
42 -73
-43 72
44 22
70 -69
29 5
4 50
39 -10
75 57
-52 -12
7 16
3 -30
-75 30
60 15
37 -1
-57 -3
38 48
-29 -40
-17 -4
20 25
-47 27
-16 -53
-42 -2
18 -68
13 -24
-9 10
-59 34
-52 -45
70 65
28 -14
8 36
72 -69
22 64
46 43
-49 11
62 74
-58 61
-41 -32
50 63
-12 -23
5 -39
-31 -54
-73 44
71 67
26 21
33 6
35 -55
-7 -56
-66 51
19 -46
-14 29
-48 4
21 1
36 38
8 -75
32 -53
73 18
34 65
-67 -19
37 47
71 16
-59 23
-25 6
39 -57
22 35
-30 7
-43 40
-64 41
-54 -26
31 62
-13 24
72 -45
-70 55
-42 66
69 -50
17 -20
56 15
10 2
-9 63
51 -27
-33 52
60 -11
61 -58
68 -49
28 12
-74 5
44 3
55 -4
3 10
-5 -36
74 17
-34 -13
-43 49
1 25
-56 6
35 -44
-66 -26
28 41
11 38
-32 -62
-37 -14
2 -40
-9 -21
-33 -24
-53 -54
-18 64
-52 -51
46 -70
-16 -31
67 47
48 23
12 69
61 63
-57 59
60 30
42 19
22 -15
71 45
58 -29
-68 39
75 -20
-50 73
-65 -27
7 8
72 -3
46 -26
63 -59
-17 -67
-50 1
6 71
-65 14
24 -7
-45 -53
-75 21
-49 11
-23 -48
37 19
64 -39
41 -73
51 10
-57 30
61 70
9 -66
42 -68
20 -52
-32 36
56 -27
-47 69
-35 25
31 22
2 58
-12 -34
15 4
38 16
-13 60
-43 -74
-44 5
-33 54
8 -62
-18 55
-28 40
72 -29
-1 -16
55 37
2 34
38 25
-54 -51
62 -43
-48 46
-31 -63
13 -45
33 75
-66 19
60 -24
4 -22
-30 -32
-9 -23
-41 69
-50 58
-27 28
-10 -26
-3 -12
-56 47
-59 -72
52 20
73 -65
42 -39
-71 15
5 70
36 -40
-44 18
-7 -64
61 11
67 6
57 74
-17 8
-53 49
-35 -21
68 -29
14 -20
-40 25
49 14
11 64
-63 71
-30 22
70 36
2 -27
-61 43
-39 12
35 -1
23 -21
-28 8
-19 56
4 -47
73 46
-33 3
6 -17
-9 59
26 24
60 62
45 -50
53 -58
65 -54
44 72
-41 15
-16 -31
18 -74
-37 75
5 -10
38 55
32 -34
-57 42
13 52
51 -66
67 -29
-69 68
-7 48
-24 -44
-2 5
62 -32
-49 -43
-16 55
-39 -65
4 51
38 47
75 -60
7 30
-67 18
70 73
34 26
41 -20
61 -28
14 -1
-33 -50
-19 -23
-46 -9
37 25
21 -48
-12 -15
22 -13
-59 -36
-57 -10
3 -68
-69 -53
-27 -17
-66 74
56 64
-72 -35
-58 -8
42 -29
-71 -6
63 54
52 -11
40 31
45 -35
-55 21
-49 -52
-23 64
74 -51
-38 43
-7 -17
-9 36
67 -18
12 -29
-27 53
-47 -6
-2 -75
-31 -50
-54 28
-39 -44
57 11
-30 65
-59 -24
22 -41
13 40
-46 -5
-19 62
16 -20
-60 15
-34 3
45 48
-1 -32
-33 -4
-26 69
37 -68
14 -58
42 -8
56 25
-73 71
-63 -61
-72 -66
10 70
48 -72
36 47
-33 35
70 52
1 64
-73 -62
-25 -10
40 69
4 -60
-27 -23
-38 -2
61 -50
57 30
63 -24
-46 6
-71 -65
53 -66
11 29
-32 26
-59 -5
-55 67
54 -21
31 43
-20 19
-14 41
49 7
-22 -56
28 -58
-45 -13
-39 -12
51 -8
-17 -16
-75 -34
-9 37
-74 -15
-68 -42
3 -44
18 -45
54 35
-42 -61
32 31
66 13
-56 24
55 -63
47 -23
74 70
73 58
-33 57
53 -40
26 -16
3 1
67 -75
-52 -34
30 -72
71 -27
64 -21
60 -39
-36 11
-50 17
59 -49
9 -65
-38 15
-68 -44
22 -28
-25 69
-4 6
-12 -48
-29 18
-5 -41
43 -46
51 -20
7 -8
-14 62
-37 10
-19 -2
-34 -62
18 68
-21 37
-12 57
71 -63
58 4
-38 8
-16 -47
-40 -3
-49 -72
53 -51
-66 7
50 -24
-60 6
-17 -28
-56 -25
-35 -5
-32 73
-70 67
64 61
11 13
-39 22
-46 1
69 31
-48 54
55 20
26 52
2 -44
-15 -29
-42 -43
-14 -45
-23 27
74 33
-75 9
-19 10
59 30
65 41
-36 31
-20 52
27 74
-1 -61
35 -30
-47 28
14 -26
48 33
40 59
-49 60
45 -73
75 67
-50 13
-10 -55
44 -58
-72 -25
-7 -39
-32 53
-71 -41
-54 42
-6 8
36 -21
-64 -34
37 11
19 -70
-15 66
-24 -38
46 -57
23 -65
-9 -18
69 63
5 -3
56 29
62 16
51 -22
-17 68
12 2
43 -4
-43 -29
5 -65
27 -9
28 6
37 67
42 -75
51 -2
-49 -16
19 -8
40 53
23 48
-26 -24
-32 -74
-11 -18
64 -47
46 -7
52 -4
62 -3
66 36
15 21
30 54
41 73
-20 -50
-10 61
68 14
-35 31
39 56
-25 70
38 22
-13 60
1 -17
-33 44
58 -72
-69 -12
59 -34
-63 71
-55 57
45 11
-25 53
-61 14
16 -32
74 -42
-19 58
8 56
55 -2
27 -57
-43 69
-54 66
38 -71
49 -59
62 23
-50 63
-68 -65
-75 -51
48 60
-18 -33
-44 -34
5 13
-22 17
-9 15
3 26
73 45
20 -24
72 -41
-36 -39
37 6
-67 -30
29 70
-46 -28
-12 -31
-1 40
-47 -64
-7 4
35 21
-52 10
55 18
27 -68
-66 -33
67 -59
-57 -4
15 14
47 48
6 -21
38 -12
72 -73
-5 -29
51 -69
-49 75
17 -24
-64 -54
52 44
30 42
-39 -19
-53 60
50 -7
43 -65
-3 -23
-58 -34
70 8
9 -46
13 45
28 -31
26 11
36 2
-63 1
16 40
-32 10
74 35
20 25
41 62
61 71
-37 22
-56 -55
-28 1
-8 -9
-32 -7
-73 -67
-48 18
-14 -64
-37 59
-22 -62
-51 -74
-45 -54
-16 -30
-40 52
53 -61
-36 -71
-11 -46
-70 -41
-24 56
10 -60
-19 20
-4 31
35 3
-43 63
26 -6
-2 -12
27 -66
58 5
-42 -17
33 15
-69 68
-65 -23
13 -75
-21 44
29 -49
47 -57
-34 -25
-38 50
-72 -39
43 75
-23 65
47 4
12 70
-56 -67
49 68
-54 -58
-22 52
-48 59
-72 66
-36 -53
-45 39
29 -44
11 28
61 -1
34 60
38 -63
-32 -27
-42 -51
7 -69
73 -40
-10 -18
-30 -5
-55 -16
-2 31
21 -25
74 19
24 -3
-62 13
-35 71
-37 33
-15 -9
64 -26
8 -57
-14 -50
17 6
-20 46
-41 24
-20 -3
-21 7
18 -33
-48 56
-6 55
59 16
26 -13
51 -25
-41 -70
28 -15
-74 -69
-47 -50
-72 -73
23 -45
36 -12
8 29
-53 -30
-44 -19
-34 68
63 66
65 -42
-39 -11
60 2
-9 37
54 -75
-67 22
61 -38
-57 58
52 27
40 43
-14 -35
49 31
1 -71
4 -64
32 5
-46 -17
-62 -10
-23 -42
9 67
34 -71
-13 59
52 -5
-43 -3
-22 -70
-12 19
40 -24
-47 -49
21 -30
-7 45
-58 61
-57 55
50 -66
-37 68
29 -26
20 -35
-10 -6
-1 33
-65 -73
-39 25
2 8
-28 -41
31 15
44 11
72 36
-4 -32
-27 -64
-60 -51
-74 -75
-16 38
69 -63
-54 -53
-48 62
56 18
17 46
-14 -25
69 -57
-22 -14
-48 -9
59 -5
-15 46
45 -17
18 -31
-62 -8
56 35
-37 49
1 -61
-6 -54
-44 -19
-27 21
12 33
-66 13
42 -60
16 40
-32 58
30 -38
-43 11
51 -47
-10 -34
28 24
50 41
55 -73
-63 -70
23 -53
-72 -67
71 75
4 36
-20 -65
52 3
74 68
39 -64
-26 2
-29 7
-1 73
14 28
-29 -17
-58 -5
3 38
39 35
-27 65
-59 -75
22 -18
68 -9
34 21
42 20
-62 70
-10 43
53 55
45 32
-6 61
49 57
19 26
37 -41
-71 -15
-51 -72
-50 13
7 -12
-52 54
-48 36
74 24
-60 11
-44 2
47 -69
-8 64
63 -66
-33 -40
16 -25
-23 -30
67 46
-56 31
-4 49
26 74
13 1
6 -17
-45 66
-70 29
42 39
-48 -32
-52 -23
-33 -35
-56 38
27 -67
22 44
36 -60
55 61
21 54
65 53
-51 68
-63 -9
-43 -37
20 64
34 -69
-62 25
73 -19
47 -59
15 -14
-16 31
3 5
-18 -46
12 40
-41 7
-4 -57
-8 -71
10 -75
58 72
-2 -30
11 24
-28 -50
-31 -48
-15 -39
16 -14
-26 -5
-12 21
-42 20
-24 6
68 61
55 1
-28 71
35 33
-13 22
-18 -59
-29 -65
-41 50
62 58
8 56
-64 -43
-46 4
-27 -51
-52 -30
-10 -23
-37 11
72 -69
-67 38
19 73
-75 -40
-7 -2
-32 -66
-63 3
54 -9
17 36
25 -47
-53 74
44 45
70 60
49 -34
-57 -63
21 -19
48 -14
54 -71
65 -59
-29 33
-41 -42
-30 -2
-35 18
45 -8
1 53
-31 6
46 -38
17 -25
61 74
-34 39
-52 43
56 4
66 -73
-55 40
-64 44
-3 37
60 -12
-23 32
-5 -28
-16 57
13 47
49 68
26 9
27 -72
-15 24
7 22
-10 -58
36 -70
-11 -50
69 62
75 -67
51 20
26 -54
50 6
49 -39
-69 -31
-55 37
-61 44
18 23
74 -45
-58 35
-64 -7
-11 9
-20 19
65 68
-70 30
-72 -60
-34 -10
-66 -12
-4 14
51 47
-52 41
46 5
2 59
-33 25
75 -57
1 71
3 -73
22 63
-24 29
-28 67
-32 8
21 17
-40 -48
42 -36
-38 16
-43 -27
-13 -53
-56 -62
-15 -34
-26 25
56 53
29 -72
9 5
-40 15
-69 -71
11 -18
32 58
30 -41
67 -13
-16 23
-24 -2
-7 -37
-62 70
-57 27
-59 75
-73 -66
-35 19
-51 64
-68 31
33 50
-52 20
-45 54
42 -8
4 28
43 -1
55 39
-38 65
-14 21
-6 -22
44 -47
12 -48
63 -17
-49 46
61 3
-60 36
-74 -10
-47 20
-38 -16
23 37
-24 -57
-12 1
6 70
17 -45
-49 63
21 18
-71 -67
8 33
-13 29
39 -28
-11 -31
-32 4
30 73
62 64
-7 48
22 72
14 35
-25 9
53 -58
-36 46
-26 -66
-65 -74
69 44
56 -55
54 -27
-10 -59
-68 60
-61 -3
41 -43
-15 -5
-75 -51
40 34
-52 50
42 19
2 34
71 -22
-5 25
-59 3
53 19
46 -67
8 -21
75 -6
-39 -47
-49 -16
-23 -52
4 15
-7 66
-51 48
45 -50
-64 -36
65 -69
11 -9
70 -72
10 -31
28 73
43 37
-32 58
-35 -24
29 -14
55 -57
-74 54
-1 -20
12 -17
2 13
-62 -38
-60 -40
-18 -41
-26 42
-27 56
-44 -61
68 63
33 -30
1 -9
5 66
-2 -10
-52 15
56 -4
-51 40
-53 -12
-22 -74
25 61
-16 -62
69 32
39 -44
23 27
-33 -35
47 3
45 -59
54 -75
58 60
-6 57
-43 -48
29 30
17 28
-67 64
-55 -7
18 73
-68 -19
-24 -8
-70 -14
-49 11
-42 -46
72 21
13 -50
38 -20
-63 -41
-31 -37
-34 -36
65 -71
-26 -67
-2 -65
51 60
58 -52
24 -26
-64 -15
-27 -28
-35 5
70 -30
-48 -21
36 -29
54 -9
56 -46
69 39
14 3
10 13
-41 62
-66 75
-25 -20
33 74
-72 -4
-12 59
16 -53
68 -31
-40 -7
-63 -8
-43 -6
19 -47
-61 -42
-45 17
-71 -1
-32 50
55 -49
-34 38
11 37
-23 -44
73 22
-57 -18
43 62
67 -71
-45 -68
42 54
6 2
1 -16
-38 55
7 -40
-33 52
-46 39
-74 -19
-17 -29
15 64
69 48
-26 72
14 61
3 37
-57 58
66 -24
70 50
13 8
60 20
-5 23
53 21
-28 30
-9 -35
10 73
63 47
-44 -65
4 -25
-51 59
-32 22
-41 -49
-34 -36
-75 -56
-11 18
-12 -31
-27 50
38 63
-29 40
-59 22
36 -73
12 5
3 -46
-66 -52
-57 -65
-75 6
-25 -56
-51 54
33 72
-28 -68
-26 -64
-34 -61
17 18
30 45
-27 -69
32 -37
-31 -4
44 53
13 -47
-23 -58
-11 42
19 -60
-35 9
20 49
70 74
-55 -2
21 41
62 -71
-1 -48
39 8
-15 7
14 16
43 -24
-67 10
6 69
15 -49
-33 27
-19 14
-25 -17
48 55
64 -67
65 52
-4 44
45 -59
58 -39
37 23
32 -35
8 62
-63 72
-24 46
36 -10
47 29
41 -20
28 13
75 -66
68 56
9 -53
-74 -43
-1 21
60 16
50 73
-38 11
5 -70
3 40
26 18
57 2
-7 -31
-30 -42
-61 22
51 -54
34 -12
71 26
-17 -72
-74 -51
47 -19
59 54
28 46
-33 10
-13 -14
7 52
71 23
-43 12
53 -8
-15 -62
-75 -56
61 67
35 -21
24 -29
38 -68
39 9
-48 -3
-50 30
-20 -45
66 34
41 -63
6 -44
-18 42
2 16
-1 -31
11 37
58 -22
-4 -40
-55 -64
60 -69
-49 -70
36 27
-57 32
-25 5
-73 -65
34 8
73 -31
-6 -1
22 -18
-36 -67
35 -28
-72 -25
-12 -57
-14 -4
-47 -40
-48 -61
-41 -7
3 -63
-24 -44
-17 49
53 -60
54 -68
74 52
70 55
29 -39
19 -45
59 -75
15 -20
-69 32
-65 71
56 5
-26 -2
-11 10
-64 -42
62 -13
-21 -38
-16 58
46 51
-30 -50
23 33
43 -9
27 66
-37 69
-46 16
4 40
-58 -33
10 66
-49 75
32 -34
-42 9
-55 -71
-6 31
-45 -30
17 -37
18 47
-8 61
-26 27
-14 5
-68 64
21 41
-29 -2
22 35
-3 -13
72 54
56 15
1 52
38 -7
39 19
-62 -65
51 48
73 -44
-53 -70
36 63
-28 -67
-23 -20
-12 -60
50 74
59 43
25 57
-24 11
-61 -26
-42 17
-51 -3
48 -50
-28 4
1 29
69 -12
-33 -27
-37 44
19 34
64 -62
23 -70
-9 -60
41 -16
-18 46
31 35
-2 55
32 -57
-47 66
-73 -24
-54 -59
11 -75
45 21
-58 13
6 15
-22 -56
7 71
-25 -40
10 67
8 -20
36 65
-49 -39
-52 -43
68 -5
38 30
-14 -72
53 -63
-74 60
27 36
50 -10
-3 -26
-72 -25
73 15
-7 -51
-55 45
-30 -58
70 -59
74 64
-9 67
17 54
-43 4
18 23
-65 -24
37 62
6 5
-63 -48
-1 38
75 -53
69 20
-68 35
66 -42
-8 12
-61 -31
11 40
14 -47
28 -33
39 -57
-2 -71
-34 -22
-46 49
13 -44
-16 -32
19 -21
-41 29
-52 56
-69 54
-36 -53
65 -40
-75 -52
-72 58
11 -6
-15 -5
22 9
-25 39
46 -45
44 1
20 -28
-42 -59
-64 -67
48 57
-73 -32
-26 10
29 38
70 -31
37 14
-41 -71
-12 -35
62 -8
-24 4
-19 -47
-30 -49
-74 63
-17 13
-16 34
50 -18
-56 21
-3 66
-43 -61
7 -55
-60 68
-23 27
-51 -2
-33 -42
-49 -27
-10 -18
62 -55
-53 -44
-39 56
33 69
5 -7
-34 47
17 -50
-8 66
6 -31
-14 -52
71 -1
-65 -36
75 25
-16 60
28 46
-3 -35
23 -19
-21 24
12 -57
38 4
51 -68
45 -72
-64 70
61 54
-67 -26
20 -73
-2 40
43 48
59 -74
58 9
-32 37
-29 -11
13 63
15 41
-22 -30
32 -50
-55 -74
-22 63
-66 -60
12 47
19 7
-38 -39
-54 41
-20 -53
29 45
43 -8
73 -33
34 28
25 -21
-17 71
-40 52
70 -36
-58 -56
37 62
-18 13
49 -30
46 -1
51 -11
-57 -3
-59 -16
5 -65
9 -44
-48 24
-15 -42
-64 69
-23 6
4 -14
-75 27
72 35
-67 68
26 10
61 31
2 58
-40 15
34 -33
27 74
37 39
-67 -9
38 -64
7 36
-21 -59
47 -48
-10 -1
-73 -60
19 -50
-65 71
72 8
68 42
-18 -16
-5 -25
41 14
-35 6
-75 -29
-61 49
-54 -31
-45 22
-32 -70
24 51
26 20
62 -4
69 56
-30 57
43 -55
-11 3
-17 53
44 -63
-23 -28
-2 -66
52 12
13 46
-22 74
40 7
32 27
-2 9
41 -12
-28 4
75 35
63 -43
-31 -52
-46 -11
-36 -14
-61 -1
-49 51
17 25
-54 58
73 -59
-10 21
-23 -19
50 -70
26 44
-39 5
-30 18
72 67
-48 3
6 56
-47 20
53 37
16 -65
-57 68
-55 -71
-8 29
-66 -42
-15 -33
38 -69
-34 -64
24 -62
-13 -60
-45 57
74 -43
-6 53
-67 -33
60 4
36 -45
-23 -1
-32 -59
-26 -34
-19 65
-54 -28
8 71
41 -55
49 -9
30 -62
-14 66
-61 -10
72 15
-31 -48
-13 24
-73 29
-68 -12
-39 70
69 -18
50 -51
2 -16
37 -21
-56 -75
11 3
44 22
17 -38
-58 20
-27 -35
47 52
-40 46
-63 -5
-7 -42
-64 25
-3 -8
24 65
-38 -67
32 -34
-15 -59
-58 -17
14 45
19 -39
7 -40
-75 12
63 -54
-50 73
2 -62
55 -5
48 -47
-70 -46
31 -61
13 -11
16 -6
26 35
20 1
-74 52
68 -72
33 27
21 -42
60 -49
-18 25
10 -44
-66 -57
53 29
41 -64
4 22
-36 51
-23 69
-56 43
30 9
37 28
-71 -53
66 71
64 -50
19 -35
-31 41
-69 -75
61 18
14 -70
-45 30
-28 -13
5 -29
-9 15
68 -37
-22 38
67 51
-11 21
52 40
-12 20
39 -49
-65 -59
-23 -17
34 -1
-16 6
25 -10
-47 46
-63 58
60 44
43 -42
-72 8
-2 -73
-74 57
-7 -33
55 36
62 -32
-26 -3
4 -48
24 -27
56 -54
-7 23
-69 -6
-46 57
-4 9
21 -49
-27 51
-68 19
-74 -31
34 35
65 -40
32 -14
-64 -53
-11 -2
17 -28
-26 20
50 -52
-42 -24
44 58
-39 -8
37 -55
61 1
-22 -15
-63 41
54 -29
-38 13
33 25
-43 18
67 10
-72 -48
47 -71
-5 -45
-60 -36
-62 -59
30 -70
16 66
75 -3
56 -73
12 -61
75 7
-29 72
69 42
53 41
-70 -14
58 73
24 -26
62 46
15 31
-30 -52
39 -64
40 -71
18 54
4 -74
17 67
-13 38
-37 68
22 -20
-23 -50
66 -12
-21 51
65 -49
-8 -59
44 -2
45 47
-25 -55
-19 -28
-57 16
43 56
1 -11
-5 60
9 10
-36 32
27 -3
-63 -35
-48 -6
34 -33
12 45
30 15
-40 -57
-68 -46
71 21
41 59
70 -27
-54 10
63 38
67 18
-3 65
43 -36
20 -31
-32 6
53 29
-2 -50
5 52
44 -75
-72 -74
-61 -48
9 -34
-51 -42
17 33
-22 60
28 -47
73 35
4 25
-7 56
-13 -39
64 16
1 -19
-58 -37
55 69
-49 -8
-23 14
-62 -24
-66 -26
-11 -41
14 -21
-58 -50
33 38
-27 -52
-57 -1
-19 -47
-23 16
-25 67
-4 -53
35 8
11 74
-46 73
-3 37
70 -59
-63 -64
-61 -45
44 72
43 26
-62 54
-28 20
69 -29
48 -71
-31 -5
13 55
18 65
-6 -12
32 -36
7 -9
-60 42
15 2
-24 75
-10 -30
-22 -34
-51 -49
-56 40
-39 -68
17 -66
55 -72
49 -45
68 -26
17 -5
57 67
-59 51
62 -11
-44 71
-28 -48
-20 33
35 -12
58 21
70 27
74 66
-3 63
1 -75
-42 -36
10 19
-7 2
8 -30
-15 -23
-18 -25
13 -47
37 -38
73 -14
31 -29
53 -54
-61 52
34 22
-16 -64
-39 41
-69 -46
-24 56
65 60
-6 9
50 -40
43 32
-4 -27
-67 62
-74 -13
61 -8
-45 65
5 46
54 19
24 37
40 -38
25 41
-30 -71
18 34
63 11
-73 -47
-57 28
33 -36
70 -49
7 21
14 4
22 17
66 39
56 9
55 -50
-59 -2
48 -52
23 75
29 31
-60 -16
51 -35
44 72
15 -26
12 58
-64 1
-69 42
-3 -20
-6 -43
10 68
-32 -53
-27 -21
5 48
-40 1
70 26
-57 32
-19 -29
6 37
25 4
45 -7
-63 49
-23 -51
56 -33
43 -52
-68 -42
60 13
34 -18
-39 -15
74 -41
-67 -3
59 -12
17 -50
69 44
-64 54
8 65
-66 -58
16 -11
55 47
38 -61
-2 -53
-14 9
20 -36
35 72
-10 62
-22 -28
75 71
-30 24
73 46
-31 -4
35 14
-6 28
75 71
73 17
39 -13
-33 58
7 16
74 -46
-18 -40
-41 -65
-9 54
-70 22
5 38
-2 -57
-59 49
43 42
48 -20
44 -25
-60 -34
53 67
-56 -45
-3 10
1 52
-24 55
47 50
8 -51
69 72
-15 -32
-29 -68
-64 -62
-12 11
-21 66
26 -31
-61 30
23 -63
27 -36
-19 37
-53 5
42 -60
12 15
-52 -35
-34 -43
-75 46
-62 30
-39 44
-74 66
73 -27
47 3
58 4
-68 21
10 11
-59 -45
50 -33
64 -55
-71 56
-13 -1
22 -32
61 -6
41 -31
69 65
23 20
14 24
17 -18
54 -57
25 -48
-2 9
-67 -72
40 36
26 -8
29 -19
-28 -49
-38 -7
63 70
-16 51
-37 4
30 27
-39 64
-68 51
-65 -43
-8 58
-32 21
-20 28
-57 23
44 -24
-56 -35
5 -60
41 -15
33 48
17 -31
-72 22
-13 -71
-67 -59
-53 -62
-10 -2
12 63
-75 42
-40 -9
-34 11
-70 -1
49 6
-45 -16
26 36
-14 18
-3 46
-47 -54
-73 74
-19 -61
-7 -69
-37 -52
-55 66
-29 25
-38 50
-27 57
45 -43
-70 -4
-31 -71
23 28
41 -61
-26 -59
33 16
-62 -55
12 -34
-72 -24
69 -46
-64 49
67 54
-66 -40
21 13
75 9
68 52
32 -7
-44 10
60 -30
37 -25
-56 -42
48 -39
22 -35
6 65
47 29
-50 14
-15 18
8 20
-1 19
73 11
-38 -58
74 36
-5 63
17 -51
53 -2
3 29
-69 63
55 36
-15 44
28 12
45 -47
1 -62
13 -10
25 -4
-37 -2
-8 61
-32 -66
-49 48
-40 51
53 56
75 -52
65 -38
-46 54
19 3
35 58
64 -50
-31 -11
24 -42
-43 41
-23 -22
26 -27
-20 -16
-67 7
-34 39
14 -5
72 30
-18 -68
-73 17
74 60
-71 -6
33 21
59 -9
-57 -70
29 -61
72 52
41 32
37 6
75 59
-24 58
-15 42
-18 -53
-36 27
-35 17
7 -13
-50 -4
33 -16
34 -74
47 -26
40 -8
-56 10
-5 46
28 -12
-9 -62
60 -63
-20 -38
14 -71
1 -21
31 51
64 -11
3 25
45 55
-19 -54
69 73
48 -43
44 -23
-2 -68
39 30
49 57
22 66
67 -65
70 28
57 -46
-65 68
30 -40
11 -74
50 -41
6 16
-12 39
23 55
-20 58
53 51
-60 18
49 26
7 47
-9 -67
2 -52
37 54
-24 -32
-38 48
43 1
71 -29
-34 27
-5 72
-22 -44
-21 61
-35 62
-56 -25
64 -14
3 59
-69 17
-4 -10
15 -63
33 -75
-66 31
73 45
42 -13
19 8
-36 70
-75 -15
-49 -31
35 3
-27 22
62 12
-11 2
72 -73
43 71
65 16
7 19
41 14
-56 54
21 33
-60 42
58 -39
13 1
-47 -6
9 -18
-69 8
-25 74
-4 36
46 -32
-17 -29
-55 -52
-63 -61
-40 -59
10 -51
-67 -66
-26 -23
-20 -5
70 -45
-50 28
57 -53
38 -24
37 44
64 34
48 68
-30 -24
-33 63
-7 -67
-70 -66
47 57
74 -60
-43 -25
4 -13
-64 56
58 5
-1 62
53 -73
19 28
21 -34
-75 38
-42 36
-9 -61
-8 68
-31 -2
14 50
-35 37
69 10
-51 -26
46 -27
18 3
15 -20
40 -16
-39 52
45 6
23 44
72 -11
-12 -41
-29 30
-55 71
-54 49
59 -22
-48 65
17 -32
-14 -15
12 61
3 -9
22 -11
25 -31
-48 4
72 -69
47 -65
-73 -40
42 34
-29 8
64 -44
21 55
24 52
59 19
38 50
-6 -1
46 63
-67 51
62 -60
37 30
-75 -45
-10 13
-70 66
-49 2
5 -54
-28 57
74 -20
27 -71
-41 68
-26 32
39 58
-18 53
-35 23
17 33
-7 43
56 -36
-16 33
53 10
-62 -19
-32 11
1 16
-43 -34
-67 9
-50 24
-17 -64
-14 -22
70 -25
57 13
-30 55
-28 -65
26 3
58 60
2 -37
-59 -49
72 41
6 -15
-36 -27
7 -48
8 -42
18 21
52 -69
71 -39
-4 -51
63 -31
20 -75
47 -73
-38 -23
74 -56
54 66
12 -46
-40 29
44 5
45 -68
-61 -35
-58 -65
1 35
66 71
62 17
-36 22
-41 72
6 70
75 47
-3 -21
-69 46
25 51
-32 60
-67 12
28 19
-27 -45
44 13
56 -37
14 30
-42 33
20 2
-9 -59
31 24
-5 -43
38 -48
53 74
-34 8
-40 -18
-23 -57
68 49
63 -4
11 61
64 26
52 -73
-7 -39
-16 15
50 55
10 29
-54 -73
-37 36
5 29
-67 15
9 -11
-1 -8
12 16
4 22
-14 44
-20 31
54 -72
3 -2
-30 71
-62 48
-6 -51
41 -19
21 26
-13 33
-65 75
-56 -49
25 43
18 53
-52 50
-24 57
-47 61
-17 10
45 -68
-7 -28
-34 58
-40 60
74 64
-38 59
-46 66
42 -39
32 -27
-55 -70
-63 35
-23 -69
-33 74
-75 62
70 -10
20 -56
-19 71
52 68
-41 -16
67 -59
-50 -42
-26 -30
-1 25
-31 -58
-65 -2
-53 -24
-21 -3
60 22
12 49
57 -63
39 -14
-18 4
-64 15
8 73
9 -51
11 -6
7 -48
54 32
-61 40
-34 -38
-72 -27
-45 -23
-29 17
-47 35
46 -36
-69 43
-37 -13
44 -28
-66 5
-55 2
16 34
-62 5
70 -29
-14 -66
-15 -69
64 -53
-52 -48
-7 27
1 -6
-23 12
-24 -42
65 75
-22 26
-21 74
45 -44
-36 55
-68 -13
43 -38
67 -49
-25 -17
-72 -4
19 -60
-8 -46
-20 35
-61 56
30 -59
41 -31
9 -71
-63 3
50 33
28 73
39 51
57 -32
54 -58
40 -18
-47 -11
-10 37
-69 62
45 33
-4 8
-26 43
50 -52
-70 54
10 -2
35 21
-24 44
19 -49
-36 23
63 74
9 27
-56 -31
34 37
25 40
-59 58
-11 -20
6 66
14 -15
72 -47
-39 41
-60 -18
-30 -48
-32 57
65 1
-16 38
-22 -71
73 64
13 -75
-3 67
-55 28
42 -53
5 -51
17 7
-29 12
61 -68
46 54
61 53
49 -20
-9 -41
7 51
63 40
-32 -28
31 -15
29 22
-4 -47
-19 -75
27 -14
-48 8
16 -33
-60 -52
12 -38
-70 -56
18 64
-74 -66
23 -55
-3 73
-2 -44
-50 46
45 -10
37 13
26 6
65 24
58 69
-34 -57
-72 36
-68 -17
-21 -11
59 71
-43 -35
1 67
5 30
-39 62
25 -42
22 3
-47 -43
40 13
-21 -67
-44 -11
-28 72
-70 -56
52 69
-50 -26
-35 61
-4 -31
38 41
-63 -49
-33 20
1 -71
14 -18
42 65
-8 25
-74 64
36 24
-57 -16
12 -6
-66 -34
62 54
27 -58
19 -53
-29 39
55 -60
-46 30
-10 15
-32 -37
45 2
7 -73
-5 51
-75 -68
-48 -23
-17 59
-9 68
36 -55
56 40
-71 -38
31 17
-12 65
-7 8
45 -41
4 -23
-62 -67
20 57
-33 -29
58 -15
2 28
-1 3
-61 -48
22 52
42 5
54 -25
-11 -75
43 46
-44 -32
-19 -9
-18 16
-70 -21
-72 -74
-63 -49
47 30
-64 -51
-69 -66
60 -37
24 6
-13 -27
-50 -35
-73 -39
10 26
53 -59
-14 34
71 55
22 6
20 60
10 43
9 -35
33 -46
11 -37
-72 -59
28 25
-23 8
-51 40
27 -65
73 30
57 -44
4 26
48 -54
-18 29
-31 39
-12 -61
14 -42
-38 -62
63 17
-58 -36
74 -56
70 -21
-75 -24
-5 -41
19 -2
7 68
-45 -16
32 1
50 -13
-49 47
34 15
69 -67
64 52
3 -66
53 -22
-64 -50
33 -24
67 -16
-69 47
15 -30
20 23
6 11
21 68
73 74
-52 -62
-3 -55
-42 -37
-31 -56
-75 -63
-40 29
54 70
43 14
5 -12
-10 -72
-34 17
-25 60
53 -65
28 51
-4 18
-9 -26
-61 2
27 46
-39 8
-41 58
-59 -44
38 -71
32 35
-48 57
-19 -13
7 49
-1 66
-45 36
-72 -75
-29 -36
-48 -65
-66 10
64 -59
35 15
-30 5
-73 -50
-47 -3
-31 52
-6 -7
39 49
-38 -43
60 -33
55 14
40 9
68 67
12 -51
-63 -23
58 45
71 42
-61 62
-8 74
2 4
-28 19
-57 21
-13 -32
41 53
44 -20
34 17
18 24
11 22
69 70
-25 26
-16 46
-37 -27
1 -54
-56 -25
-55 68
-51 -46
23 -43
-24 60
7 -39
-59 14
-61 -57
50 -18
-62 40
38 -73
65 41
3 75
49 -42
58 -67
64 -5
52 -71
17 1
31 -70
19 12
8 -69
-34 -26
-11 -72
-56 4
-28 66
10 -35
47 63
-13 -21
-20 -6
-9 -53
-37 -44
30 -45
-27 -22
-15 33
-29 48
-54 -16
2 -36
-32 74
-33 -5
7 -4
34 46
-24 37
-10 54
20 66
31 14
-38 21
-74 71
35 -29
17 32
-11 60
-19 75
-13 58
-3 69
-63 47
-70 -59
1 23
-55 -50
-8 -68
-51 57
-49 -27
26 -12
61 6
-22 -67
65 -9
-15 -73
-56 72
-36 30
-25 41
28 52
-18 2
-64 39
16 -45
62 -42
40 43
-53 44
-48 54
-45 -31
55 21
-40 -33
3 -49
47 53
-69 7
-14 -18
-74 -30
60 41
29 63
-62 -56
66 -27
-1 -4
11 -5
57 61
25 2
51 -75
26 39
28 9
-12 13
-36 70
-8 23
-64 43
-38 -67
-58 -16
35 -24
-37 59
-34 -73
22 -32
42 -19
-52 48
44 -17
68 65
-71 50
72 -15
10 46
-20 -6
-41 -59
16 -48
56 -43
-73 58
1 -18
46 10
51 32
36 -13
-20 14
-52 60
63 8
-34 -5
-62 -6
64 47
31 35
-66 -57
9 -19
-45 -40
-68 25
72 -53
54 -33
-26 22
50 -37
39 74
3 67
61 -49
-69 -17
75 7
-70 4
2 24
-11 -28
15 -12
71 -27
-65 29
-21 44
38 -42
-23 -55
30 -45
44 -22
-50 -11
63 41
-73 -61
-3 -48
21 -7
1 60
-14 23
-54 -33
-35 36
34 -18
-68 43
42 6
55 -13
-67 57
-40 31
10 -46
37 64
-74 16
8 52
-75 26
-5 -49
24 -17
-56 29
70 25
38 -62
-12 53
-69 -72
-32 20
4 -58
15 -66
-9 71
27 39
2 -65
-19 -51
47 30
-59 28
-51 20
65 32
21 -74
57 -49
-71 59
13 -50
-28 -37
-73 1
-22 -56
10 39
9 -64
12 -43
-41 53
-18 42
54 -14
61 35
34 68
-60 -2
62 72
8 -16
-48 -27
-45 -31
-75 -52
19 44
-5 67
-7 -15
-11 -66
-26 47
3 -23
55 -33
30 -24
-36 25
-46 -63
69 -17
6 70
38 58
29 4
-40 51
-47 62
-65 24
4 -66
26 -9
48 -20
57 -19
31 42
71 3
70 -53
34 1
-29 -69
-28 -61
17 -22
-12 64
-54 -30
15 41
-27 63
58 6
-35 -21
43 -60
-74 -37
46 52
-44 72
-7 -50
33 40
11 36
-13 -49
10 39
25 -18
-55 -16
-23 59
73 -2
-68 -67
32 75
8 5
14 45
38 56
63 51
-16 -66
-32 -8
-53 40
33 -41
-59 18
1 72
75 -62
-39 -46
-73 -2
4 -74
6 -21
5 -65
-23 -12
-47 9
45 36
48 -34
-55 -3
-19 -31
-60 11
38 37
-64 -57
49 58
10 27
43 44
-56 68
-42 -67
13 30
26 61
29 -54
-70 28
-15 -69
7 -35
-14 -71
24 -17
22 -50
-25 52
20 -30
54 -45
61 -23
7 -59
14 -13
5 64
33 53
-65 40
72 2
27 6
-26 36
-21 9
18 10
-20 50
41 67
-37 31
62 58
-63 -3
-22 -17
-1 -25
57 -48
47 28
-4 52
-75 -16
-8 70
55 19
51 -15
39 66
60 34
-11 -29
-68 -32
-44 -69
-73 -56
71 -12
43 -42
-74 -46
24 -35
-38 49
63 46
17 -45
-49 -19
4 41
-51 -10
43 14
-70 35
-62 36
-25 -15
-5 71
-18 72
38 73
-40 2
32 23
-60 22
-29 74
-57 56
75 -20
-44 -27
3 -42
37 -64
7 47
-61 13
65 -26
-16 -6
68 -11
34 -31
-67 69
-30 39
-12 21
58 -66
-53 48
-52 50
55 -8
24 -28
1 33
59 -9
-54 58
-32 41
50 -1
-44 -16
-40 11
36 -42
67 61
19 -69
71 -4
12 -3
53 -6
24 68
-62 66
26 9
55 -2
51 -72
35 48
-10 -60
-56 52
-7 30
23 31
-54 -8
-18 -49
45 25
-46 -63
20 -22
47 -39
21 17
-34 65
-73 57
-14 38
75 64
-27 -33
-29 -5
-59 -13
43 -74
-37 28
15 -70
15 -36
4 -49
-44 -28
-72 43
-30 -47
-58 -62
-59 -42
33 -41
-14 68
-38 -16
26 57
-20 -69
60 -65
35 34
-29 -64
-71 -23
2 17
22 -32
-31 9
54 -8
12 -48
18 21
53 -55
-66 -27
-46 75
-11 3
74 -63
-70 -10
25 -1
45 50
52 -13
-5 24
40 -56
73 -51
6 19
39 37
67 -7
61 66
16 -53
67 -4
56 -68
31 54
9 34
-18 -63
47 48
-1 44
11 36
62 64
-57 -22
-17 -69
-70 35
59 -39
25 52
-10 -73
-5 -61
-14 30
12 32
7 -24
27 -50
2 65
29 13
19 8
-72 75
60 3
-55 49
38 45
-42 20
-6 40
23 -15
-71 -46
-37 26
58 -43
-51 28
74 -33
-21 -41
50 -61
-60 36
-7 -75
22 46
-62 3
-42 -10
-31 47
-67 -15
-43 26
14 2
-13 -69
58 45
65 33
-56 -6
21 -17
51 72
-12 -1
-29 53
-18 9
-54 27
-19 34
44 8
-39 -63
5 -66
-48 70
-30 -40
16 -41
24 28
-52 49
20 35
-4 74
-71 11
64 57
-59 32
37 68
-25 23
73 55
-38 -37
-52 34
44 5
3 73
56 -66
70 -68
63 41
37 19
36 62
-39 21
15 -31
-65 -40
-2 58
6 69
51 -1
50 74
72 55
-22 -12
32 -4
13 -49
-67 -42
-48 -33
60 -23
-71 47
-57 -26
43 -35
-18 8
-61 9
-46 30
-59 14
-28 -17
25 64
-29 -7
-10 54
-16 45
24 20
-27 75
11 53
18 -64
31 -47
49 -35
-6 -16
70 -50
39 -32
42 -52
3 -8
20 73
67 58
-74 34
10 38
-2 -62
-61 -36
-5 -48
-12 4
13 -22
-71 15
-11 -46
25 56
-72 43
-54 69
-17 -28
9 -45
-23 -60
-66 55
-26 27
-40 65
33 -59
-51 -7
-1 19
37 -68
14 -44
-41 -24
-21 -29
53 -30
-63 -57
-75 40
26 -36
70 -11
-65 -25
-57 -32
-51 -45
-42 18
-14 -47
56 -53
35 -15
-27 -64
75 -74
69 68
-28 34
-61 60
63 -46
48 -71
-9 20
-29 -39
33 8
24 3
-67 -43
52 7
54 55
-5 6
41 -13
23 -31
-17 10
50 12
66 44
-62 73
-19 72
-1 58
37 30
-59 -2
-22 -49
21 16
38 4
74 66
34 51
57 -27
-59 69
-53 9
4 17
-7 -62
-60 45
39 14
8 15
52 72
1 55
20 -29
-42 -26
-22 2
-11 3
28 -23
-33 32
35 21
64 10
-43 -56
6 -68
-61 -50
-75 24
-46 49
