4500 300
-213 214
242 -66
-206 249
-254 31
-238 -249
240 61
-99 11
-124 -210
276 -4
-146 277
98 -157
4 -27
-39 -29
256 206
-132 -246
-28 147
82 40
-113 -80
-176 -267
-216 -230
210 -271
156 129
-139 -102
11 -151
-274 -285
-223 -28
-139 189
177 -116
-231 255
-291 -258
-144 -202
143 289
-227 -112
50 -58
13 -92
105 -23
-171 -141
17 83
39 240
-76 171
-134 -237
284 -290
-45 60
270 -246
222 261
172 -85
-288 246
218 -232
53 41
-221 101
-111 274
-124 233
74 72
93 -227
293 -211
-273 -190
-220 -195
-293 79
-135 6
-176 -87
126 139
-243 59
-39 -183
-194 111
207 18
26 72
-114 -269
114 249
-240 286
263 -264
-81 -114
226 107
-169 299
-205 -156
-66 -53
-63 177
107 130
-236 273
223 -135
123 281
171 186
-67 -160
-214 -180
252 -154
-87 265
-100 -169
2 113
143 -292
25 167
-270 291
-183 298
43 -295
264 213
-240 -231
227 -72
-69 -131
-272 -35
135 -272
50 201
132 -279
45 -115
22 129
232 173
-162 63
193 157
-204 249
225 41
-115 167
-162 -255
-181 158
-238 -101
169 242
-65 272
141 151
253 -27
99 191
107 -18
-233 286
269 -283
-212 218
-261 -35
39 92
114 -2
-257 62
80 -292
-212 181
281 134
118 -17
-18 -48
-137 232
238 -143
200 146
165 240
-237 172
63 164
-163 178
11 -263
-168 116
219 -185
-272 4
-33 -197
272 -111
-87 -286
-99 -299
205 266
-278 -281
112 74
27 132
112 136
202 189
-218 -226
113 -177
296 223
135 -42
-58 -195
183 276
-166 -119
260 -241
-270 231
134 230
262 232
134 83
-32 74
-34 -163
-127 -97
147 217
122 210
288 -99
250 114
298 -60
-204 -35
-292 45
-218 150
-158 229
258 167
35 -18
-237 220
127 231
-116 51
-193 -170
10 293
197 -289
244 20
-280 234
-39 -150
-281 -204
274 49
42 120
-169 66
-277 -249
38 60
55 182
198 -263
-285 177
191 95
6 -112
-194 98
239 35
-112 -226
-51 -14
42 -202
90 -118
68 -266
-152 11
295 194
75 -243
-7 -238
130 282
171 -232
-204 -126
-224 132
-130 239
294 -52
-274 42
-166 -146
-296 28
133 215
-95 217
-209 -48
-246 -251
92 252
27 33
-18 -254
-259 124
-2 109
-16 109
-221 12
79 -72
247 -180
-74 278
-65 194
-202 -135
63 198
-33 160
73 57
156 -201
-40 142
187 -53
48 269
-256 -233
158 -15
-159 111
-170 -279
294 -173
239 185
257 -105
159 127
107 125
64 -152
-217 281
178 -63
-214 282
-78 -273
-153 -91
-250 -108
281 -258
-175 12
140 -189
-91 -26
212 -155
247 -138
-152 -235
89 -167
-64 22
-247 -189
-159 -266
-57 13
167 -70
-227 110
52 246
23 43
-186 -78
177 -220
125 93
-23 -150
-16 -144
155 219
-275 -190
151 -247
-275 -248
-271 238
-21 183
270 -167
-124 69
-296 185
13 141
-159 35
-145 -41
-80 -122
-85 15
-80 -54
191 -7
187 237
273 -223
-221 206
213 91
-265 97
29 -207
33 -165
8 -144
145 98
-229 -174
20 215
-40 49
-70 149
144 98
-122 167
27 256
254 90
209 -11
-34 104
-40 -128
251 249
-51 248
-92 260
-167 131
64 69
-97 1
-213 71
-215 -24
-80 182
113 -11
187 -173
-114 -53
86 -23
-100 -103
-181 -272
-249 -195
-216 208
-239 -34
-203 -251
139 112
25 268
-72 273
-125 215
118 -13
137 -23
26 -266
185 -279
71 258
-81 -37
288 69
33 31
-246 -84
-38 283
-109 -53
-202 196
-205 -259
123 -260
74 249
15 -272
248 -42
-263 36
284 -252
-130 -191
75 137
163 73
-48 -72
200 185
89 -23
-209 -127
-220 -162
-52 120
-31 -51
231 -171
-116 272
-182 -104
-7 -232
250 -281
-105 -169
-219 -148
-131 -281
181 208
-71 188
-103 -134
177 260
299 159
168 -283
123 -113
161 -9
57 -101
219 -279
57 243
2 3
-70 -157
83 170
52 -76
104 -196
-8 -191
25 -213
-144 23
270 9
258 40
-46 -281
-192 81
267 -72
273 125
-128 87
204 -169
100 129
-266 -96
83 -98
128 289
104 159
294 -17
-211 97
-60 50
-59 -174
-291 -74
226 -295
62 -121
71 267
176 276
289 -71
-63 92
-248 105
25 -286
-37 90
-29 3
129 -155
100 -101
162 -129
86 142
154 77
-25 104
221 16
196 255
247 62
298 61
-25 -179
-111 -194
-52 -296
-20 -282
-37 -5
-217 52
100 -131
97 -62
-207 4
-43 166
-204 -141
72 -234
17 69
278 131
-197 -78
-228 24
-207 183
120 217
99 -113
167 289
-94 191
-203 289
-112 -173
-230 -110
-287 -224
71 68
-33 -99
229 139
28 -213
-245 -197
4 279
93 116
-92 12
259 83
-17 53
17 -1
72 -113
-285 -146
-212 276
-120 177
-5 -107
-136 -217
177 -79
58 184
-82 243
63 195
197 41
100 53
-241 117
-45 -223
-286 191
161 33
-92 -36
119 -225
95 -37
160 55
-130 -299
-294 -221
245 99
26 -28
-83 -226
113 -190
-214 89
139 -49
-263 182
-252 -121
240 156
-28 -233
101 68
-166 179
251 -120
231 33
154 -220
71 -10
-49 7
-3 226
148 -58
212 -291
-91 224
-145 -229
-280 282
-268 189
226 170
-277 137
-291 183
-97 -152
-293 74
260 108
-111 170
101 203
-46 -10
-212 -23
-116 216
201 -191
299 -173
-51 271
277 -79
274 -222
-276 1
202 271
159 -65
-211 -131
-249 31
76 -300
212 -275
-244 -163
130 4
261 229
-217 23
-271 -113
-30 -38
152 -193
-210 281
-68 -243
79 165
-211 207
-281 217
-69 179
-120 -184
-213 40
-95 261
-189 -49
-200 -160
23 -152
-168 -35
100 -181
-5 -285
-167 -104
171 133
-76 50
-271 -42
214 -252
-298 -283
-206 -41
166 -165
-283 136
-293 236
-148 -38
166 -121
161 -156
-164 -202
2 218
249 25
292 -123
-300 -107
-200 -190
22 -265
-238 -143
-271 299
8 -14
97 -18
-133 -77
112 105
-161 -129
-108 -77
-219 209
-32 -233
129 -37
-187 194
173 -289
84 180
-84 -282
55 239
1 12
-70 3
-30 268
-1 -21
147 133
61 -104
-113 297
-295 192
119 166
184 -157
264 259
163 125
-60 -103
-41 64
-272 -282
-195 -261
-166 108
-193 145
266 -62
-103 -225
198 -246
39 -6
-112 3
-3 -17
-29 -33
-83 90
-21 226
-54 -33
-163 238
149 -94
-232 -46
263 14
257 178
189 253
-295 -117
80 256
250 -235
-63 -221
191 162
250 107
-66 -16
207 72
78 -40
-275 192
-49 119
-108 -218
34 -177
197 82
144 -75
263 298
171 176
253 38
-147 -29
-125 67
-85 -157
-238 17
-31 -248
-59 -128
73 -202
-159 55
-7 -117
135 98
219 -249
129 293
19 77
-105 -133
-266 -95
252 124
-149 -72
223 -167
173 -235
-204 240
173 -183
257 -252
-2 14
121 -96
-140 -256
-21 114
162 -59
-260 31
182 -201
-234 -25
255 -115
-86 -119
-58 26
-161 167
-270 -125
270 -230
121 283
179 132
-7 -24
108 -89
239 -160
-224 186
-156 180
84 -180
-23 248
-52 224
292 -12
228 -213
70 -183
22 -33
165 -180
246 135
242 6
61 27
85 79
240 -281
22 -203
-7 24
-299 12
99 -44
-78 -157
79 -129
277 109
130 -289
-268 -93
268 -71
54 -158
68 -279
-87 71
-204 71
167 -65
86 271
105 -31
88 139
-29 197
-176 -295
200 139
-9 290
181 10
-85 -22
-295 95
112 70
143 -55
-69 -277
138 11
-140 236
224 95
245 183
88 -269
-234 -139
-40 132
-142 120
177 -135
-87 237
141 243
105 -176
-282 240
293 -135
19 -21
36 -170
-34 -272
123 235
-272 -89
-174 -283
-289 -86
-269 -194
-266 71
224 -285
-8 -43
256 73
85 245
39 244
273 -130
263 279
-300 115
-277 -122
-94 31
298 176
-105 28
217 106
267 134
-86 287
-163 114
-49 -137
68 -236
260 151
178 272
280 -71
21 -91
286 41
-160 204
282 22
-239 -190
-241 -155
-73 -67
263 -280
-120 -67
24 44
289 -272
226 -171
-235 45
277 -295
180 -223
-229 50
220 -249
-284 -53
-168 -273
227 168
-169 -228
-174 145
35 -167
41 236
-262 -62
-300 15
184 103
291 72
-63 195
-227 275
-23 -72
258 -284
-60 175
267 -43
192 31
254 107
123 -24
65 -3
89 57
287 -134
-101 -148
-278 46
-204 -235
-30 -109
237 -148
203 -247
-17 134
-22 -31
91 31
263 -8
201 264
90 45
-48 -237
-31 -12
166 -44
72 -125
-130 -212
8 157
91 26
151 56
-235 -3
100 -220
297 -60
-20 -180
28 -85
-131 -10
-131 201
30 -35
-223 132
75 -118
297 139
-198 68
117 268
10 -32
50 -197
-274 -226
221 -177
-49 -110
-27 29
238 34
-175 -197
270 -171
89 -56
-178 -109
19 270
-51 236
241 -244
225 -249
-235 -105
79 -169
298 -24
-111 -191
-62 292
110 -74
12 216
145 236
210 196
40 -81
173 36
108 -36
4 -254
-177 132
248 199
109 165
275 211
171 -59
-173 -273
59 -111
87 155
-138 61
-32 -285
25 65
236 -294
-235 206
-67 42
271 -1
-53 110
155 249
-70 140
-231 -224
89 241
-179 -291
199 251
-33 -154
-7 -144
-76 191
-123 94
-299 -112
233 -61
157 -105
47 242
-24 -153
-37 149
-14 16
240 -86
-180 197
208 249
-6 205
81 168
76 293
-226 106
-120 27
-186 267
-86 192
243 122
65 -76
-177 94
-184 -15
18 -124
237 -249
121 -33
-258 -249
-190 148
-37 183
186 -271
160 179
-61 -268
279 -3
189 139
-117 -27
-231 -152
-19 -78
201 -286
146 225
-233 242
75 49
64 94
-161 -289
159 -64
154 239
-24 187
-61 -128
-122 -245
164 -37
-9 180
270 67
-270 -207
184 91
-218 -40
49 -269
272 42
220 -23
-18 -44
284 196
58 89
-190 -278
-193 275
178 -195
-73 -212
-233 275
-284 -63
-145 75
-268 -177
-299 149
74 54
-107 -108
-60 256
-201 286
-230 -42
141 147
-88 -292
-3 39
-181 -234
-197 62
-98 -239
-115 280
-68 160
-24 254
90 287
-171 -237
-150 196
215 -281
-36 104
-45 -202
84 -139
-198 271
-67 133
129 30
-158 -182
-89 188
-62 -121
-261 -202
148 215
-154 254
-285 -277
280 254
116 -200
224 -44
-212 -177
55 25
181 64
-173 234
266 -138
141 -32
-95 205
-214 -129
-116 194
208 -128
213 -63
-106 74
-198 132
-164 -190
-167 88
172 -45
175 192
-288 75
-217 -142
-177 -121
201 167
19 140
-76 164
278 -188
64 290
269 -275
-291 -274
-175 -210
-162 126
263 217
26 -5
-17 263
-232 -83
-191 -227
-134 -87
-47 -260
-239 113
-268 -12
97 20
27 283
137 86
36 -228
-210 266
-29 277
-284 -98
-121 38
15 -212
-251 -11
13 56
-283 236
192 203
-19 -188
171 -206
116 170
197 130
-67 222
-59 -77
-154 -15
2 267
110 181
175 -3
-97 229
-219 18
-32 52
46 289
-160 -106
-156 202
-49 260
98 -291
221 -247
51 -12
-49 42
293 125
91 -282
-149 -64
14 162
56 72
246 -298
-42 8
251 83
10 -243
-136 1
-219 -47
50 -294
210 -52
286 61
-276 -42
239 -144
-7 273
195 21
-156 -7
-114 -184
-254 -151
-14 -115
245 -138
-30 74
168 -299
264 189
-224 56
-192 87
33 48
-37 -14
266 142
96 241
198 121
-234 56
-2 -129
-269 -150
2 -186
282 -206
-16 222
216 -55
-151 -185
-110 217
185 42
-128 -254
-154 206
283 227
270 272
-177 26
-83 -253
-45 -197
268 -252
197 27
181 266
69 188
198 -238
36 -257
168 45
-143 115
-209 -158
-122 -151
109 -11
27 77
1 282
195 -273
4 -174
243 274
70 23
-57 166
-134 236
39 163
238 -126
-275 -91
-111 -106
-246 122
277 4
-2 258
299 4
114 -164
295 -239
-83 -144
-141 -13
278 226
184 2
107 -13
19 256
151 160
274 -217
288 31
-179 252
247 84
146 172
-58 -134
-222 50
-205 163
-165 -276
-285 -46
157 -11
150 -8
-69 -244
-225 -280
-178 -2
73 -193
-173 -15
-258 99
-247 174
283 131
192 -259
155 93
-96 -57
-279 -135
79 -122
-291 180
101 -144
186 26
-291 -297
62 -71
-68 -115
-68 -219
-135 44
-140 25
-62 90
-182 231
125 59
194 135
-37 159
87 -114
223 -145
-276 221
220 14
-170 257
-280 -245
-261 30
198 87
183 -185
-119 192
-235 117
-253 28
-96 -78
-209 -170
-209 227
-234 244
-286 248
294 168
-155 17
253 95
275 -242
16 -257
-160 182
-259 -30
-160 57
229 -299
-263 -164
156 298
-53 188
-129 286
-15 -297
-133 193
280 211
65 -75
-272 13
272 123
292 -191
-108 6
-38 -18
-54 -103
53 21
-195 291
-96 101
-29 -254
-99 -216
-200 81
65 -258
-91 177
108 63
78 239
56 22
69 79
-282 -59
183 -132
18 270
-180 75
-137 34
-40 -14
109 -161
42 167
-111 115
-11 -22
164 -284
205 218
290 -155
292 -212
-48 140
-56 273
-24 181
134 243
-71 52
-36 -295
61 18
-42 -191
208 95
-246 -248
-253 247
138 187
-202 18
-58 12
135 -222
184 -282
103 143
-217 -248
209 -125
-246 242
87 -265
-188 41
288 -7
-56 -225
268 44
-52 155
-245 -17
48 143
-228 225
-141 164
296 -122
-42 264
118 -211
119 90
-20 167
-294 73
27 288
283 156
-27 169
-113 -251
56 26
134 -150
21 -214
192 236
-288 21
-219 119
-48 32
-24 -35
-123 186
-213 -229
234 -169
121 180
156 37
-144 -296
88 -218
-205 244
-96 164
47 145
-83 -22
-165 157
-144 -37
219 -189
-34 145
-113 115
178 -215
290 -27
-134 270
-43 142
-159 44
-147 251
-287 -242
-105 174
201 -37
235 -248
-82 -178
-42 -295
178 -175
-228 -126
-121 2
66 -284
210 -115
-231 64
-93 103
-33 -244
151 -271
-36 -298
277 212
-188 -283
263 -236
110 -254
-106 -122
-176 -147
97 291
151 -101
-119 59
-252 171
-89 281
-199 51
-266 207
27 -145
289 -26
-199 297
-206 -31
96 204
-24 233
167 39
-135 183
-181 -206
158 -87
-169 69
-160 -210
1 -295
-280 -233
-157 32
26 81
67 41
89 86
-171 -212
295 -66
-28 -207
-128 143
181 260
-249 78
-261 188
144 230
281 -116
-278 183
42 -190
-148 249
19 -249
-27 112
266 218
-49 143
296 -160
295 -287
-166 84
127 -101
-123 -104
-216 -16
-231 254
71 29
142 -278
252 250
274 159
-297 241
144 120
122 -173
28 261
-160 -19
238 290
-284 193
-138 -39
-109 -125
-254 -26
-14 180
203 207
-227 -90
-149 -49
-92 19
18 -289
56 247
248 -5
185 142
284 12
131 170
-87 -119
-226 296
288 65
-44 -99
276 298
-205 61
-224 125
7 189
104 -174
-78 -231
56 -54
-299 248
106 261
-4 -188
187 280
200 -269
91 -49
-254 43
13 -116
257 277
76 217
-78 -233
-251 -33
252 -183
-112 -144
202 85
-44 -97
182 184
71 -43
-237 -204
299 209
273 -288
237 18
-91 8
-273 290
260 -164
-110 133
70 -217
46 -257
113 250
-19 -26
-180 -276
50 -9
116 -289
267 81
198 -161
-140 14
220 36
236 -256
-23 155
-87 65
252 223
-121 -99
-285 -4
-15 -263
-298 -207
173 107
76 285
-102 -124
-142 79
-140 -29
201 -263
30 209
-21 -110
-267 230
-221 173
215 -245
-77 226
-93 246
-151 202
17 204
-285 140
13 293
79 -102
-48 28
160 -140
89 -43
-42 -98
21 134
176 52
-153 149
9 220
-298 -25
-268 -170
7 231
-178 222
82 -178
20 53
-169 230
103 -281
-250 20
-207 289
99 239
-256 -220
49 -48
223 236
-8 126
208 -72
-105 -16
-24 -48
-153 246
-287 296
230 275
160 -128
198 -64
61 -258
-90 -281
-193 233
281 227
127 242
-139 -271
219 283
-223 83
-215 235
-174 1
-213 99
-177 285
-51 44
-136 56
-20 -169
-105 -288
-261 96
68 181
117 60
191 -151
115 -241
19 -207
-117 11
242 -92
273 238
-38 -198
97 205
-1 -214
247 -244
284 123
-210 69
186 -58
222 257
-87 -285
-103 25
280 284
136 -254
-254 207
228 57
140 114
-212 244
152 287
-126 17
77 61
-152 183
-111 -168
132 -144
36 -164
267 193
215 -280
-254 -213
150 275
271 -46
10 210
-253 295
-160 158
-58 121
104 160
-245 67
254 -79
65 -145
-210 -224
-119 -237
11 -200
286 -25
-18 -186
52 282
244 -201
-101 -210
97 218
-143 147
156 269
-23 11
229 104
-95 -83
287 -61
-201 -132
-127 -109
96 -192
70 -57
251 -39
92 -286
247 -202
196 -83
179 -17
-129 259
-64 -184
-213 -151
-228 117
-202 180
134 -52
118 296
238 200
-158 -39
-158 -133
141 11
-133 283
-41 91
129 112
-79 -239
-51 289
-253 -276
107 41
250 -116
186 54
-233 -172
-108 -246
-260 -189
-84 -113
298 25
-148 169
180 154
15 96
145 -32
123 259
103 -60
-276 177
-28 188
118 104
-112 -52
76 134
-90 -107
-130 220
48 -293
-204 246
-240 -166
183 207
104 -122
-190 32
-24 -283
219 175
274 -275
290 -64
53 66
117 140
248 -71
-210 -237
240 -157
95 272
186 -134
-288 -69
169 -16
288 -119
69 -251
91 72
267 -241
-170 -128
-194 -46
-58 194
-221 -94
112 -253
-270 -91
-157 110
-221 -73
-171 -187
-43 -274
-230 -225
-84 204
-288 -252
52 147
-239 42
94 -171
255 -85
-56 -63
-226 289
-76 112
-126 18
64 152
243 248
110 65
278 -90
-161 -20
53 -93
254 -174
171 -161
-286 -94
201 -109
243 -161
113 189
-188 -13
-105 -163
215 216
-108 39
-49 -208
-272 -164
-141 -17
-92 -254
-226 261
-98 19
158 111
296 143
-173 76
59 17
228 -277
-36 -173
4 -240
73 238
-101 -191
298 -299
49 -38
-48 -71
193 216
-8 -99
-207 -73
47 -46
-292 120
256 -2
226 227
-235 64
165 124
265 176
60 -264
286 58
154 -2
-63 10
-272 145
288 196
-162 293
11 -248
-54 -30
-248 186
101 -235
243 128
-152 101
-15 -54
5 -298
-85 -31
-79 58
-46 252
-71 -99
-231 8
166 -22
-84 5
-160 132
-129 73
54 20
202 257
-272 -294
207 45
97 237
-9 241
-81 -25
-262 252
-56 289
-217 -143
-23 -283
294 -38
-159 -258
7 129
86 32
210 9
198 135
77 -152
91 -225
-290 -117
254 -73
36 -137
-86 -3
56 31
-194 93
-244 -82
150 -49
6 -105
-111 109
285 3
-45 203
-17 145
-84 -130
57 261
-117 6
-197 30
273 157
212 -20
-254 70
-220 -234
109 -135
-192 115
-76 119
60 -3
238 -108
131 -232
-67 99
-162 -167
-279 97
-145 -52
57 288
-73 -75
-120 -262
-291 -39
-59 -143
-27 12
262 109
241 -228
183 256
58 90
-168 -87
-53 167
132 3
-76 244
170 -125
-174 122
246 266
-242 -94
258 183
199 60
166 -135
157 293
-216 -295
158 -71
229 17
85 97
68 -251
192 -75
130 -201
-204 8
226 15
227 155
44 3
-65 -287
-195 -41
-68 128
204 -77
181 149
255 -226
-249 218
-103 134
-241 203
123 261
139 -189
-73 161
-122 -20
-24 168
-226 -121
-209 -135
-141 -78
-179 -90
26 16
-206 -118
146 83
-294 221
-263 103
-214 -26
224 -203
72 137
-193 -81
-242 -9
-235 63
-207 275
-93 -233
-294 -159
-93 110
34 84
215 -225
-294 -28
119 247
-94 -288
-147 -277
-73 -245
-4 -222
129 -180
264 -53
87 219
-156 -38
206 -90
-296 46
123 231
164 158
-182 201
-287 184
-145 62
-279 251
188 122
179 -203
231 -36
26 65
123 64
2 206
294 -229
73 -257
219 -30
201 -110
-122 -4
162 243
29 -163
41 216
-249 -83
-102 -49
-275 280
-196 -15
-86 120
151 -286
-278 -269
12 153
-120 -179
-300 -90
34 198
62 222
177 -83
-274 -262
-53 27
-106 -4
117 -122
226 -125
62 17
-76 184
90 74
20 -225
190 271
-220 -270
199 255
281 -147
86 83
-249 177
-165 191
-288 119
-78 249
-196 7
258 -276
11 -239
155 -227
-29 -163
176 -130
30 200
-40 26
99 202
-203 113
244 -240
-266 -110
190 -37
-182 79
-81 24
-67 -258
230 183
29 136
281 290
-174 167
250 -256
200 -179
-219 123
-55 202
171 -55
263 -255
281 -139
-18 282
83 -91
249 -233
21 26
-191 247
137 194
102 77
260 -13
-245 -142
-42 -43
-167 179
-211 -184
-181 -247
-13 -272
57 103
250 240
184 276
298 32
-297 -228
-37 6
-92 -14
-20 -15
-199 -144
247 66
-253 122
278 273
-171 273
245 199
-180 -128
7 19
46 29
-112 -234
127 54
45 249
277 220
-122 5
-127 -76
272 -99
-85 -209
212 168
79 -200
-241 208
-132 -97
-12 278
-290 -164
-239 -115
115 -161
-45 217
-124 197
-2 26
1 288
268 73
-196 103
167 180
136 12
-290 100
-212 245
-10 -276
153 289
106 13
188 -158
258 -38
237 213
-95 244
-92 199
293 261
247 -294
-224 141
-105 -295
-280 -170
-153 63
168 229
-21 87
238 72
209 -127
-35 228
-260 -29
-215 -171
251 105
91 129
243 188
30 292
-105 124
183 -105
194 24
-140 183
-202 192
58 -238
102 297
27 -246
-145 279
269 -131
-49 -63
233 -78
238 -283
167 114
-246 -27
280 -264
194 -161
256 -166
101 -83
-96 -152
267 297
136 142
-166 -249
-53 122
49 -151
-134 141
-297 261
-22 43
-247 166
127 -48
1 233
79 26
289 155
206 44
-75 -262
-261 -51
141 39
-278 111
-115 -32
-10 -161
-147 -155
227 286
-3 125
-238 -124
-64 237
112 205
194 -73
114 -269
130 -31
35 283
-112 241
103 -106
-160 38
-106 109
77 99
221 -119
198 -77
-108 -300
-126 -110
45 261
-245 135
168 -143
-177 152
132 38
126 -29
166 254
122 -81
61 64
-114 171
-48 -52
57 -189
-248 -209
-7 16
-42 62
31 -43
120 12
207 -248
-269 64
-253 -81
128 159
-297 145
175 57
-124 161
-284 -245
-135 131
-266 -183
94 150
263 197
160 -288
169 -21
121 20
16 -93
-74 -248
124 254
-80 -76
-94 -112
-53 184
-206 -164
-172 -58
-220 -7
224 198
218 -8
16 -5
36 -65
-84 -152
196 -35
70 238
-193 116
-243 227
238 -261
-64 100
248 88
37 -271
41 117
-78 59
34 200
-260 230
-300 232
183 -192
-182 141
-92 -133
-181 63
-50 243
296 -105
-210 186
147 -85
77 187
-157 249
-68 -237
287 193
72 217
275 175
204 118
224 -31
-3 -91
175 256
-37 241
124 134
257 -80
238 -159
264 -246
203 67
254 210
272 250
-169 47
79 -260
168 58
-128 3
110 165
-224 -245
-245 -81
-256 50
-211 209
289 -100
-140 -300
111 -202
284 146
142 -271
-80 -31
-17 -7
215 -192
-158 48
103 104
-109 148
264 -260
234 -140
85 -41
176 28
61 -167
-198 188
235 -11
56 -297
288 -147
30 184
219 179
-148 -299
198 -262
291 -156
283 -253
283 269
271 -121
224 148
28 154
158 -229
-254 122
264 -193
-137 -22
56 236
139 155
82 96
-239 197
62 -142
183 -45
-85 -225
182 -99
32 -138
292 67
-12 -143
85 186
-220 158
194 33
118 93
261 254
-66 212
12 52
182 -221
-138 -18
235 -221
-287 102
-109 -132
131 -281
296 -190
-14 112
1 200
-16 -293
-265 -249
-63 -16
289 147
10 -124
-62 -34
-213 176
-157 -182
230 26
-119 -254
165 -135
-145 -168
-274 10
274 -55
68 -144
161 87
-151 -139
-24 -184
-286 -77
-62 111
175 100
-86 -279
250 -73
95 19
91 262
-197 55
-16 194
189 23
226 -14
209 -171
-209 93
-232 -221
260 246
-143 -273
-108 -110
-136 -14
190 69
149 -99
-238 242
80 -171
214 -24
271 -29
-196 205
-58 -167
-41 -52
221 -15
-23 -169
-195 -141
276 -245
-277 34
214 -253
-90 -46
261 257
-257 -288
230 217
74 140
92 141
66 -254
-131 187
30 -43
262 121
-249 -259
46 -159
282 -184
-177 188
70 125
69 -216
184 241
223 227
296 -131
242 17
-56 -274
20 287
117 -52
-65 217
-78 27
220 102
-5 235
149 -17
38 78
-172 -48
-58 295
53 -24
298 272
199 -115
124 104
-65 296
-101 15
2 65
230 296
-135 298
283 -54
-234 276
114 -291
151 75
93 267
72 -277
-156 -266
-23 -214
164 -53
126 140
-255 -79
139 -59
-168 155
-170 47
-135 37
74 -60
-271 -63
-258 -35
18 -258
62 275
9 -282
162 -245
-140 -248
247 127
-97 168
250 74
-108 192
248 8
-208 123
135 -95
-176 298
197 -198
100 98
7 -77
-55 -24
86 65
245 123
-102 -122
204 -80
-79 244
-22 -255
278 249
32 60
9 211
242 56
-244 -219
206 294
-283 -118
-30 63
26 -18
-36 116
-14 156
120 -112
-15 90
132 118
-186 -140
-19 -120
-89 35
119 266
229 -285
-142 -122
149 -57
-120 95
190 -2
22 213
119 279
-201 158
49 200
-169 7
-43 236
-153 225
210 -202
105 -299
104 -194
11 147
234 214
82 81
299 176
130 -234
-71 -22
-91 -294
-156 -64
149 -219
-14 261
-239 -271
243 18
61 -139
-299 -71
164 -74
-40 41
-162 -121
37 258
155 -267
-52 38
-68 155
-54 221
184 187
81 146
188 275
-253 -17
-70 274
220 -162
164 -246
120 -173
67 225
-218 28
232 -76
-153 10
293 -241
32 -58
-172 -166
29 172
179 60
230 -261
257 -258
19 -124
160 114
-197 -80
41 119
-200 -285
289 205
256 296
-34 187
291 -221
42 -200
52 114
-105 215
-147 -152
127 -284
-123 171
261 -269
242 -99
-174 -181
38 -11
215 188
249 -111
-157 -208
163 115
290 -2
23 281
14 -263
95 -167
-243 277
101 208
-141 86
271 23
93 -271
-171 -269
-135 -97
-277 112
109 -165
148 97
168 -48
44 67
-182 -234
255 197
269 -190
-208 -43
-5 -185
134 -96
-83 165
4 99
92 -112
178 -45
-268 -224
-49 -211
4 131
69 -281
-74 -226
-201 -291
-253 -14
-89 -273
93 48
70 21
-115 261
-86 159
-208 156
-247 98
59 297
232 286
-133 186
221 148
-240 5
6 -23
289 200
-217 202
-224 37
125 295
125 -124
261 177
125 151
166 -74
-185 -63
-141 62
187 143
247 90
182 198
-104 -181
-247 -25
-192 36
-148 -246
289 -81
17 272
221 -118
-228 -30
-279 -158
-256 34
73 -279
152 77
231 34
-154 -151
99 13
-208 -82
-188 -293
60 -225
181 35
-53 -294
22 -254
52 210
-93 -261
117 232
159 -27
269 -156
-134 23
-214 -288
275 -92
241 -167
-17 -42
127 -148
-85 275
58 -212
220 -257
251 -52
299 -230
229 -64
277 71
229 24
41 -108
234 136
284 31
138 104
-86 -223
-279 262
114 234
245 -180
-175 196
97 236
-90 -3
-27 161
83 263
-248 285
-56 93
-18 33
189 -271
90 236
-111 -30
235 5
-244 147
157 -56
-137 -2
-53 -214
47 -121
159 124
-196 -35
42 119
66 220
-88 289
-10 218
190 -184
-138 -12
284 -17
-259 -168
-33 -182
252 -128
146 110
207 235
126 -12
-201 34
258 -191
95 -103
25 -76
-128 -64
273 192
-291 -190
15 -293
-169 265
-241 -207
186 280
-35 48
-286 217
248 123
18 -37
-247 266
-103 139
-95 84
102 206
292 -268
205 -217
-24 -13
-149 160
-42 -131
-135 -148
130 -121
-271 209
-23 227
267 -169
8 245
174 179
-215 -29
-40 -86
55 -224
172 163
132 -92
-36 -15
-115 4
-273 294
229 266
128 248
-257 -86
-81 51
-271 -128
-272 125
157 62
-95 295
-265 -298
268 55
-145 -89
249 -81
114 148
115 -27
-12 -123
191 218
-47 -55
-221 154
-280 176
-221 180
297 47
-233 157
48 224
-58 -278
38 61
-54 -9
-49 161
98 -176
-300 -43
-161 265
-40 290
120 25
-82 -98
-274 197
-146 36
295 -27
-36 -229
156 -224
30 80
-194 -226
-219 -40
-209 219
111 272
23 -279
173 -299
219 -287
-39 -3
-276 -91
-260 282
-40 160
158 -235
274 238
210 -53
92 -257
-281 -96
-215 175
75 143
22 24
-69 161
-106 187
205 171
86 221
-284 281
146 108
-123 -59
23 80
-48 91
-185 116
121 -204
231 -263
-75 -294
-20 -26
198 -110
-49 -134
44 -23
-61 266
-271 281
64 223
86 243
111 85
-105 -245
-14 -225
229 190
225 230
-217 -15
-16 200
-48 -171
157 -275
-150 -262
-232 80
-7 -110
234 -233
-52 -146
212 107
-95 253
119 -177
-295 90
115 -162
99 -229
-262 -230
-11 248
213 -210
298 264
286 175
237 -114
132 127
278 -100
259 -185
272 -33
98 -13
66 -199
-198 211
31 52
34 -216
-123 -154
-152 204
146 162
-16 -79
92 -56
111 84
-193 -188
-117 119
191 -256
74 190
51 -137
-155 67
-186 -77
-145 -140
109 -123
73 11
-53 82
-138 -184
-33 142
-128 186
290 168
-79 -236
-28 171
111 -46
-21 167
37 33
-229 225
210 -181
85 22
1 65
-190 12
117 26
23 299
-56 -153
-141 -169
-5 256
137 -53
144 205
115 112
-71 200
-169 195
10 35
-88 182
-57 -165
157 -59
-248 -73
9 -286
210 -222
48 -63
68 -45
-35 -132
116 -48
252 -92
203 -255
36 62
280 -131
154 44
62 -69
232 -219
-64 -224
-14 -83
-51 -146
212 -7
195 128
-210 299
-197 -229
-270 -68
-262 -223
5 81
225 44
-268 135
-199 94
-294 96
141 -254
33 187
-14 -34
41 -252
-236 -41
-133 -277
-263 38
-158 84
-49 -5
16 205
97 125
182 244
183 201
-161 -141
147 -201
246 290
-23 240
-280 -31
-211 16
149 5
35 -61
-232 -115
58 197
63 121
135 53
-74 69
-1 100
-110 125
-170 104
224 240
-11 -135
137 -186
-28 27
-161 -278
37 120
-170 -222
-2 -154
25 269
-50 117
165 -107
55 218
24 -40
-264 37
-149 -119
146 131
-61 28
-282 16
63 -24
-128 -33
-174 -281
-94 -130
-222 19
-73 91
222 -90
136 75
184 -158
213 -200
18 -268
140 -125
252 5
287 209
55 -1
231 239
-67 68
-296 117
14 239
151 -236
40 155
-161 -239
-300 -202
-222 73
121 133
-272 147
35 -274
-24 169
199 283
61 222
-4 -50
-235 -192
260 -133
275 -183
-254 210
-213 -270
-84 224
174 -231
296 -217
-48 21
-6 257
219 130
-176 191
-266 39
152 235
-225 -49
161 105
-276 -204
-26 216
-188 -141
-146 186
-4 -272
59 -42
238 -243
278 184
231 92
-185 -36
-38 -161
4 148
-201 -281
283 122
256 -284
98 171
-11 -235
26 272
-115 -278
285 -260
149 76
-267 -166
-15 -258
12 100
-62 156
-200 -194
209 -177
-262 -232
-252 238
2 136
49 -174
219 -42
167 -237
148 -291
282 -221
43 -91
-70 129
219 -208
30 42
-95 175
52 187
-266 100
-159 -249
-155 -166
-103 62
203 159
20 -32
69 256
100 155
225 -77
-182 -207
-147 -78
-111 24
-149 -172
-156 174
235 -161
271 10
-204 52
-142 128
-168 -48
-211 -30
36 -276
273 110
-258 36
-157 13
17 112
-95 164
-224 66
-95 33
162 193
53 -48
-210 151
-236 -81
-101 -196
190 82
113 -106
215 -117
-154 -251
-248 243
291 274
149 -92
297 215
82 64
96 256
37 -14
153 -107
297 -142
297 26
-125 -222
283 147
147 -184
80 -199
252 11
287 56
43 -105
188 -144
193 -44
-277 158
97 -210
-230 169
-52 -114
-146 139
223 10
-103 168
-246 1
297 -258
110 -217
-144 112
116 293
50 37
109 292
70 -180
-92 23
25 -274
-143 183
8 -239
-134 162
-208 -63
-134 -92
-173 -251
-137 270
136 -64
-263 -221
240 85
-46 -69
-188 24
217 260
-295 139
77 -292
-28 -251
149 253
27 297
266 174
-222 -255
-66 207
-55 -2
-36 -98
-2 -287
-141 132
131 290
21 122
-118 -147
43 -162
-219 -269
-145 120
-106 -174
1 251
-162 -74
292 -61
123 260
-91 289
-142 -152
-178 73
-175 -104
44 121
-239 -82
-167 138
-216 -54
-295 -146
154 26
-99 -295
-211 -120
200 -280
123 -207
131 -143
-114 -96
-77 231
-43 55
-5 -121
211 -281
-79 -48
-19 -159
-50 175
136 -97
-269 -85
-154 165
18 -1
-207 223
-158 -96
-107 -111
-181 -59
-77 148
294 38
179 297
-113 -186
-195 -185
-255 62
37 -92
159 73
-203 67
-128 110
-259 -285
-120 -167
-66 -255
146 -157
-228 44
-35 293
-145 214
-256 -42
228 -179
-74 -137
-281 46
141 -178
162 -165
-272 -135
196 -126
-112 -99
66 -157
-274 33
274 -37
157 -37
-15 62
24 258
258 86
199 107
173 -282
-48 -97
-272 122
-236 -215
17 56
218 285
33 256
-71 201
283 160
248 -225
159 -48
204 -259
-184 -158
172 -17
-12 -193
-277 -145
164 -90
14 -77
232 31
-58 -11
56 146
161 -204
-27 75
158 120
-136 27
34 233
-223 124
-19 40
252 241
-246 -22
-84 273
201 123
82 132
116 251
131 87
-293 69
59 -107
64 9
226 5
176 -196
-232 159
-46 -33
77 -191
-169 250
186 172
-107 134
144 -234
145 -220
-74 -116
284 126
133 -238
153 -42
-114 118
-52 -38
-256 -186
198 101
252 191
-241 -126
223 -49
292 100
-221 -247
-140 -79
299 -153
15 -237
158 -214
18 -77
-153 142
-62 -59
-234 62
-274 113
-61 -157
204 79
12 -280
-271 -293
107 -124
-221 -265
134 129
-75 78
283 -50
98 -240
211 -141
-107 11
257 11
-196 -47
107 19
-150 33
-106 -145
-109 125
120 -59
116 -196
-54 -205
-215 -4
-27 -179
-39 103
83 235
-192 172
20 -64
253 199
-3 -245
-281 -172
-211 113
-290 282
-189 -233
149 215
33 289
-202 40
-294 -135
-268 -287
63 262
-130 288
297 66
-300 -194
170 285
112 295
-261 189
-172 -271
-134 220
175 220
-275 69
-158 -121
292 -102
48 59
230 -59
183 254
228 145
-261 226
-282 2
-207 -135
158 -246
224 -76
-255 -281
-274 -229
180 141
-45 171
-207 -227
130 178
162 -154
242 -294
-257 -234
254 200
180 -217
-242 94
-274 -106
216 127
66 -103
77 -165
129 82
131 268
-220 262
-253 -155
-81 243
-110 248
231 132
108 229
219 -144
-117 238
-181 66
-204 60
6 -226
172 292
33 255
-90 272
291 -68
-206 -299
105 -78
-248 -269
-135 -127
-76 260
-77 57
-268 101
224 -106
78 243
-265 72
-286 259
-67 -218
78 28
-34 234
268 -222
50 39
-279 -137
64 -201
-225 265
227 -252
-128 102
77 165
-156 91
11 -123
-127 -212
90 -179
-19 147
-45 -114
8 181
-229 -243
137 -32
44 35
-18 -171
-50 251
-276 277
-289 -121
-195 134
-175 -110
-2 -88
-229 -190
-60 171
-229 -172
-202 49
3 237
101 -30
-255 68
-119 -244
-79 237
71 190
-21 84
32 239
-281 -72
-100 2
277 -69
156 25
26 232
213 -18
167 82
-215 -114
-110 -111
229 89
271 -280
-248 286
-269 -164
-205 194
87 246
84 223
105 117
255 -133
259 -191
-113 57
63 292
8 282
-258 -234
205 179
287 123
-61 161
259 294
-117 139
-46 121
223 160
-105 93
-68 -113
-248 -53
191 39
-195 157
173 116
77 -123
-75 162
160 165
-274 129
22 34
103 -84
-110 -281
-176 139
-21 56
-167 -187
9 -111
-166 -117
272 255
174 96
-155 134
147 -222
18 284
-196 44
25 196
-132 -262
-73 -181
214 -78
-224 289
-243 -270
117 -212
-36 -195
-266 91
199 -211
108 299
16 -150
-215 -209
246 -63
116 -282
-174 -100
-149 -148
-106 245
-110 -6
62 50
173 240
-223 -207
25 -57
-203 276
143 -110
-229 -159
222 -86
184 -46
62 -266
186 265
45 -221
17 -98
248 -292
227 171
82 -56
-168 -240
-102 288
61 -242
197 252
-152 -175
104 -134
-292 60
-26 -110
-167 -182
-16 -93
151 178
113 -153
-89 192
-219 -294
-12 -218
178 -77
-39 -16
-162 -34
-27 -283
238 223
-81 295
298 -92
-204 165
139 -180
-251 225
255 -190
-296 217
39 57
53 132
45 -123
-288 -216
-257 130
159 -272
124 243
-222 265
103 83
281 246
113 138
-296 -80
45 210
-182 59
172 -202
-218 65
-165 132
277 -131
203 28
183 164
-295 239
62 -107
20 -28
-192 -228
-180 -54
177 -174
-221 88
-206 -80
73 2
1 32
197 -133
-234 235
-40 -69
-211 -157
280 -160
171 -207
-9 144
-231 -159
275 -36
-129 -169
-253 -56
294 -172
245 151
-143 -234
-50 -243
105 -270
14 30
256 -128
172 129
61 226
61 187
-202 -61
-25 78
-33 72
91 268
21 -273
205 -83
-216 47
-250 188
-111 -134
214 -35
-251 -190
-37 -198
259 1
-55 -185
223 189
-200 260
-287 291
244 83
289 34
237 233
-78 -292
191 169
-161 270
-249 45
222 -263
169 156
148 -296
131 88
200 290
-269 76
60 267
-245 100
198 20
43 98
251 -179
79 91
-182 -113
-230 -234
-180 -131
249 198
257 -20
-231 6
1 -151
-9 292
72 -162
-12 221
-14 -94
-4 178
-176 -270
-127 -138
-256 -272
-234 -156
30 103
299 15
-280 -48
248 59
-296 -180
-1 -81
259 -72
-256 -57
261 183
-114 272
-213 261
-28 51
-67 26
-268 -201
186 -223
-193 51
-97 37
-114 266
135 -100
17 14
-235 -189
-173 -147
190 -191
-237 267
-9 -225
-148 102
-181 -147
208 -142
91 -202
169 -47
-230 -87
-209 -293
36 -289
-159 197
-187 89
168 43
16 76
131 184
-124 105
-119 132
198 -184
197 -64
202 89
-102 -38
-209 109
-192 -279
-72 151
107 229
-258 -120
119 201
85 19
-86 271
208 104
72 -239
147 -52
-172 -68
129 186
-119 -74
-213 -2
205 170
-214 195
-233 -297
-188 142
-219 203
-112 -29
27 -283
-137 -77
250 30
-265 56
-247 259
-100 11
178 292
-174 -28
46 254
-136 -100
81 -124
51 150
-202 75
-161 -245
27 -106
68 239
4 162
195 13
-144 170
-11 -294
202 255
-106 -165
-195 -158
-261 -4
-208 -200
-271 275
-208 64
235 269
184 -135
194 147
-252 -29
-11 -197
214 134
-219 183
68 -93
71 112
278 -44
69 -177
123 -80
-81 -211
-95 168
212 -165
272 -115
-258 -51
-34 -228
74 220
263 -26
-74 -212
19 -164
-31 -233
153 -255
169 166
189 -134
51 4
-267 -131
-104 44
-73 23
-231 -185
98 -72
92 -254
55 -111
257 296
118 -240
197 -137
67 79
-125 243
2 -80
-235 284
295 -47
159 -183
-16 199
30 -67
-184 15
128 -278
-33 -231
-51 -224
290 -113
-114 135
141 82
173 226
171 178
44 221
-216 30
-38 -4
-222 -243
-83 147
-186 -183
-90 -101
175 -16
78 237
-154 209
111 -106
102 72
5 -148
68 202
-276 296
146 -232
277 160
287 -30
-114 270
-228 11
-235 168
-3 72
-97 255
151 161
244 -64
197 -176
-64 -7
-257 -25
-203 -61
17 -226
-227 -43
-112 63
160 58
290 -135
-145 164
-31 67
-271 -93
21 -193
-22 167
-257 157
-160 -141
72 202
298 -246
22 125
127 -105
-172 -107
123 280
238 225
-33 7
-18 -126
101 299
158 15
-128 69
208 -253
-281 154
-32 204
127 86
-56 194
167 221
-8 -41
-171 -103
-242 -165
121 -209
-37 161
-59 -250
-290 137
74 -10
-44 -96
-14 188
-2 -44
252 171
-84 -68
273 -32
-27 67
133 -79
139 152
-100 189
20 29
51 37
-158 -58
93 293
-72 -276
140 7
-37 -58
-292 20
128 156
243 -146
-143 218
79 245
-10 -51
37 -149
-279 -143
23 79
-164 -253
-123 -125
197 15
147 -32
172 -193
208 -74
-295 170
-147 232
206 291
-170 -216
-184 37
-175 73
-37 249
-126 279
-263 128
-45 -174
-238 -26
-122 21
-128 -277
-228 -21
190 -149
-293 23
296 -239
-187 228
88 -86
85 167
252 269
287 237
12 -170
224 177
-187 -241
-193 7
-10 -103
-168 229
233 -211
283 194
35 242
51 212
-10 212
-155 142
223 -290
-145 -183
11 67
-129 -38
108 -60
204 47
-278 247
-181 143
-129 -43
258 -194
208 -116
-69 117
177 207
-213 -120
267 210
-57 -174
231 -80
47 277
-102 -104
-299 -171
-255 -261
-183 269
-283 122
-245 -85
-12 208
297 189
-189 210
-225 64
-1 269
129 -262
-28 -255
-8 -285
-298 -21
-67 -237
270 81
115 129
137 259
-123 188
94 43
102 112
182 271
-241 -291
225 -169
-164 -30
272 -10
-105 98
199 -119
-89 296
-94 -38
159 -173
-6 -166
20 -62
-149 -48
144 272
-170 112
172 -203
-171 -53
-105 72
-281 204
173 9
-128 -148
298 254
-25 139
-229 -142
27 144
181 167
-155 275
263 -107
206 195
247 296
-284 -197
134 88
-283 170
92 -267
221 -1
-38 22
239 174
291 -133
-224 -17
-149 165
98 35
-278 10
-56 -251
10 97
254 196
-188 -68
-11 -75
-28 256
-158 -212
-109 -196
-244 9
-7 -16
-52 218
169 -203
-214 84
73 -25
-159 45
206 283
-292 156
-112 263
-279 233
-218 -66
46 -100
226 -297
246 109
184 295
-82 282
109 -178
-298 283
180 -199
287 214
-23 -206
-257 205
-103 -293
238 -182
153 -202
37 -99
-177 50
-59 -30
230 -8
-55 266
294 -289
-20 196
32 -238
249 268
176 71
197 -101
-73 -189
81 282
234 -200
-126 199
-228 -267
283 124
-2 121
227 -242
102 -234
-284 -249
-178 -136
-112 -72
-98 -8
41 1
-2 225
57 162
-145 247
8 -79
100 -292
-151 -86
-159 -230
-235 -209
-79 -90
69 47
-192 261
204 186
-230 3
-28 31
143 -93
274 -245
-84 121
54 -84
3 250
-279 -145
-131 -169
4 -142
-88 -297
97 192
-51 124
-82 135
203 -90
124 55
79 -58
-95 -7
-32 13
58 183
-171 -71
177 127
-246 -216
-128 -209
-9 174
14 -251
247 103
-298 -59
-24 -25
-36 -146
-101 173
-177 295
290 263
206 -253
175 79
-178 -59
-247 160
-6 117
221 217
-157 12
10 -30
-42 -224
127 -244
-79 -183
-244 -221
294 -261
-128 296
241 -229
-187 274
154 -69
188 281
123 -67
-238 -63
179 -171
240 -152
-100 -286
108 19
-242 234
-172 275
-295 -196
10 224
63 117
-221 159
117 -56
68 141
-104 -147
-102 -83
-262 -295
-119 -208
225 -268
-117 -297
-51 -163
-70 -131
47 136
-21 -295
7 -223
-216 -141
203 -142
110 -144
129 127
102 3
-28 241
-215 223
267 35
-208 109
-234 74
-63 -252
45 115
-120 203
172 258
-21 -193
284 -74
-169 179
127 -134
-198 91
205 -174
-184 175
-104 -191
32 -169
87 -237
-183 184
137 -201
114 290
107 -158
186 75
23 196
-150 -106
-26 -208
110 172
-19 210
-219 -32
-195 -110
-259 101
34 284
-149 -96
-272 -85
-25 127
54 183
-203 137
-9 132
193 -212
36 -204
257 30
87 177
172 24
75 -11
260 -126
168 -300
96 103
-183 -295
52 205
-241 15
-94 -162
-78 37
-27 208
-121 -20
-140 -285
145 -253
-266 109
151 12
-150 -281
-102 55
279 -193
168 -234
-149 30
89 -66
-48 220
73 -22
-19 98
110 150
-5 224
278 -280
-244 77
-129 -142
160 70
167 152
-179 197
-68 -216
-218 -200
194 -125
56 269
286 79
-73 74
122 -65
-76 -68
226 12
-182 144
-66 -277
-128 54
-272 -289
-289 -260
179 -91
-86 -18
131 -161
-85 -182
4 -119
-3 55
50 203
170 284
-48 2
153 245
-63 179
-27 -192
-86 219
28 -260
-149 267
163 284
-239 157
-46 -278
-200 -113
83 -49
97 81
265 178
-180 1
-192 -81
-136 -52
167 -275
21 69
-224 -218
-43 171
-33 -164
-267 -121
-95 -250
-5 101
-180 -217
-266 157
-101 171
139 164
-243 129
-240 -273
19 -97
-68 129
-48 -65
251 -181
129 -294
-248 -207
84 123
-18 85
-217 15
-203 95
-71 81
-35 -247
10 -222
-44 -27
-10 182
254 -291
145 265
-56 95
-158 215
194 174
3 -203
-146 176
-204 -63
52 -287
288 190
82 -70
278 -97
150 -21
-265 -209
-61 -145
176 -177
-112 -275
111 205
-187 -251
-82 138
258 -14
56 -225
-170 -141
168 50
-144 56
150 151
108 -93
-90 -280
145 -79
-80 82
30 -270
-112 69
-12 25
269 -290
206 219
115 -224
174 -23
251 122
-298 -232
-35 231
-55 -31
-193 117
94 114
-31 -52
-81 96
124 -221
-21 -255
-251 298
154 110
7 35
-275 -59
-48 -201
86 76
-12 -90
-277 148
246 -43
-21 256
104 -262
-120 107
-78 172
66 -273
-73 -91
274 -13
-259 -49
-46 17
78 -183
-13 -59
-295 117
-227 121
178 33
-114 180
-83 139
-35 -173
149 97
181 -114
-61 -82
58 19
-76 211
103 9
-287 174
-31 212
-62 270
-67 54
148 39
-129 130
-288 -189
-97 -157
-115 88
-268 -20
-72 4
-219 -278
221 39
139 -13
-66 -176
-22 114
-241 195
125 31
275 291
-6 -291
152 31
69 115
30 -95
-4 201
-160 150
177 210
-171 232
10 -154
-19 -85
-275 34
166 -134
165 41
25 101
153 -111
-180 28
-285 203
67 -179
-128 -45
270 -280
-210 -295
283 278
-222 -69
-183 5
-13 -37
29 66
234 -236
-160 -149
38 47
-182 -134
57 -138
215 -205
115 130
-181 77
153 -61
123 233
123 -13
272 -31
238 -214
138 -179
-122 -86
-191 93
-38 34
299 -207
247 -243
105 277
-129 -146
6 254
200 81
185 -276
-100 49
-219 -178
28 -294
261 108
159 230
-5 198
147 -91
-292 127
-197 -49
99 224
38 -210
294 -28
-171 247
38 -54
-8 -223
195 -244
-267 -164
-6 -220
-299 -180
206 -279
-261 -142
231 200
142 75
-208 216
-180 -255
85 -189
193 15
127 72
-245 -68
-257 277
-282 281
153 235
206 190
278 -86
-36 -291
215 -200
-248 -220
61 25
-25 -143
183 -164
-141 234
72 -172
224 -284
-285 -54
-230 -282
-209 -205
-58 -91
-3 284
92 114
106 53
-7 -102
-25 -294
77 273
-220 132
-137 239
-24 -142
157 -170
-269 282
37 -246
-190 25
-120 64
-63 -268
-112 -44
216 -24
139 -10
75 297
-125 135
239 157
-110 -293
294 -283
-68 149
20 144
135 -149
-193 -145
-185 230
-148 -200
38 148
-77 126
50 -139
178 -196
-55 134
59 295
-62 -224
32 16
86 -171
63 166
-123 -180
