100 50
-20 -37
-22 29
30 -50
-4 10
1 -11
45 -39
-40 -24
-28 14
30 -18
13 16
-33 37
8 -36
47 30
-38 31
-37 8
7 -4
21 48
12 -37
41 -14
-22 -8
-31 32
45 -21
-25 34
40 6
7 -9
-35 -12
-42 24
-19 25
31 50
-35 46
45 6
18 -27
33 6
-36 35
20 -26
-45 -41
-13 17
20 40
49 -3
-42 5
-1 -28
32 3
-35 -41
-16 -38
10 -49
-31 48
-1 -25
18 -23
-19 35
-14 31
11 16
3 39
1 16
-37 -10
44 3
21 39
5 19
-11 -1
45 -37
50 8
48 -39
8 30
-11 -8
-34 15
29 34
26 -41
-40 16
31 6
27 -44
-28 -14
40 22
-45 14
-26 -17
-33 -45
-36 -18
50 40
-30 -25
-37 2
-41 -40
32 -6
-32 -48
-35 31
-18 -17
3 -9
-26 -10
-5 -17
30 -32
42 -29
34 -22
4 28
22 2
48 -20
42 8
21 20
14 -23
18 48
34 14
5 46
49 42
43 36
