1000 150
-101 25
35 -38
140 -97
-113 -22
-11 -23
-123 43
-5 72
-47 58
136 50
-123 89
108 -5
-86 -23
-52 -94
9 33
68 118
-8 9
-1 83
110 122
14 44
53 26
-107 75
93 -110
-43 19
-83 94
7 92
1 62
-141 128
-92 106
-148 -128
75 -81
-21 -142
89 59
103 -134
28 -7
-48 43
132 -81
79 4
-53 -76
-148 118
89 -83
137 -25
-116 146
-33 -49
-57 77
82 122
90 -62
-55 98
38 37
10 -29
126 -4
-25 -40
-3 133
14 88
-10 51
119 121
36 -52
-13 143
88 -142
39 132
-93 -120
-51 -25
-20 -92
-126 -49
41 62
109 21
-79 11
-121 104
-150 11
123 115
-112 -100
-136 -39
122 -91
41 1
-85 2
60 20
20 148
22 15
-116 99
9 99
131 61
80 4
-25 -34
-1 -74
-4 2
-14 -34
-44 -117
71 144
-117 -136
6 -84
127 65
49 -66
1 12
-72 -78
-74 136
71 -92
73 99
25 69
-130 -123
-56 54
104 -142
42 -116
58 -32
-135 93
-117 111
15 -116
90 -7
-129 47
136 -58
-116 69
-58 126
-145 122
97 -128
39 59
137 147
-3 97
8 -1
120 138
138 143
42 -63
50 -52
23 130
30 -20
-2 138
44 76
66 -9
-112 -129
-70 -41
101 -148
-128 142
52 -135
83 142
42 149
-61 63
-40 -21
109 -146
-52 149
111 -96
114 -125
105 -37
74 91
37 -83
100 117
136 21
11 143
1 86
-90 7
-99 -115
-127 -132
-56 15
-32 105
-89 131
73 52
-50 53
-106 -18
-55 -106
-92 99
85 -94
94 -99
-144 -84
-75 -80
125 120
89 69
88 103
-36 -113
102 -146
86 66
-83 33
33 -114
106 121
109 -20
-41 -20
-73 42
-126 147
-85 98
134 -4
-67 -37
-20 99
-76 115
-19 -29
138 93
58 -141
70 -94
108 74
-20 105
-2 36
66 12
-25 -46
31 -127
-12 -69
108 -131
-102 51
-141 -136
-104 -47
-81 -76
35 79
9 107
-76 104
-97 126
-2 -27
70 118
-13 -105
-31 8
68 13
76 72
-60 37
15 -58
-54 122
64 -6
106 54
67 17
141 -119
100 -37
60 4
24 -49
2 -80
121 -57
-17 -33
-5 -82
-37 -56
94 -136
-114 42
121 97
117 11
130 -40
138 69
95 -59
-53 4
-49 125
-31 1
77 125
126 106
55 -14
-69 91
48 -1
-33 -143
-17 80
-77 -11
11 -103
125 -40
-133 -50
39 -120
41 -19
132 25
-4 148
16 41
42 146
-114 132
-13 128
-81 80
117 -52
62 -56
102 -36
39 8
61 107
140 -116
-106 73
69 -95
17 29
-22 140
67 68
-141 88
-46 -113
-21 6
-18 51
-75 98
93 16
6 77
-148 140
91 -7
-62 -150
47 49
-135 -45
-148 94
-110 -1
-141 33
102 -105
16 -127
-122 54
47 -13
-46 85
119 116
-110 -13
145 52
-91 77
61 113
-101 -22
-149 109
44 95
-56 3
21 9
90 -89
43 55
73 29
-134 -18
-117 -12
-13 1
-57 -124
13 106
70 -84
-148 22
102 -64
-141 72
98 -95
104 -95
-131 -74
62 -102
138 -36
-22 -49
81 -67
-139 -137
28 145
36 120
68 -148
-111 12
-44 -30
-62 132
98 37
91 7
-42 -103
121 -26
-52 -146
116 -129
-147 2
32 96
56 -114
-137 22
-60 110
-98 69
-2 -107
39 37
-7 -66
62 -23
34 26
90 -113
-123 -103
14 73
-1 -46
15 59
-34 22
-127 -19
-118 139
65 42
-7 -9
-143 -112
-131 78
-94 -22
-112 -16
-103 -61
88 81
-147 -127
-56 47
-124 -41
84 18
-75 -57
-128 -122
-129 -97
-117 -33
-126 -56
-120 98
-83 65
123 89
29 112
50 -90
78 -81
28 100
-68 -24
-58 -82
129 -59
-33 -59
-142 -33
-55 -33
39 -71
-80 -95
86 -116
-41 61
42 -96
149 93
52 -134
142 -40
14 -77
-54 48
-56 79
-115 -108
-88 40
-133 70
-55 -16
114 9
66 138
-23 125
-149 76
-113 19
-56 -107
-35 31
-35 139
10 -81
56 34
-68 142
120 -84
3 -1
45 -144
78 72
-60 -125
60 54
-62 -9
104 -28
36 92
-45 121
111 81
-60 -34
82 -62
-91 98
105 -63
-144 9
-32 -85
-16 132
-99 25
62 -54
-99 -63
14 -75
129 12
77 -21
-93 -109
-18 -22
-143 -27
69 66
-46 119
-130 -39
-108 -20
-139 60
42 125
-39 68
-126 -40
-78 84
-35 -117
-59 49
26 -81
-37 -112
-103 70
-1 -14
-103 -78
-92 -130
123 -17
-122 6
64 -62
-102 131
-51 -73
-60 123
101 12
104 -4
-7 -109
-120 110
43 -125
117 139
119 -71
-127 -138
38 128
-116 10
123 -10
86 -99
12 -143
-73 -143
-147 130
-88 -147
-25 39
-67 -137
-41 -133
-21 -51
112 106
-132 33
134 10
-27 -71
81 -79
-140 -37
-74 111
124 27
-2 -91
65 93
89 11
-66 147
9 -85
37 13
-23 -96
13 1
24 113
39 -145
-110 -132
71 -113
138 -124
-28 88
-132 31
-60 25
128 78
-24 76
132 -67
-97 -109
-103 42
107 -27
42 -104
-72 135
56 -120
-59 -47
-130 131
62 -87
133 -69
-87 -118
136 95
-117 -149
-131 -80
-129 77
96 -125
145 129
124 52
112 -86
133 132
-21 -97
-34 -74
24 -55
49 -86
13 -47
65 70
-55 116
12 -102
39 13
119 80
-127 -17
-125 131
-17 -108
73 60
-87 -99
66 15
-137 -57
-72 83
91 140
-77 64
80 138
-77 -109
21 -35
-128 127
68 4
-65 119
-32 2
37 68
149 49
-42 -87
90 19
-4 40
-1 -77
-85 86
149 -86
115 126
71 74
-24 -10
42 -150
-127 -58
-90 -68
-15 61
-122 44
-87 -30
74 121
70 -109
-132 85
-6 -24
141 136
-92 -75
121 117
97 -24
-16 17
13 58
122 -49
43 20
2 108
24 -73
-66 103
16 67
94 -100
62 -69
22 71
45 -67
112 14
-125 115
-85 54
-49 67
-80 58
13 15
63 128
49 -24
-118 14
68 32
16 60
62 -31
141 -86
-59 -64
71 -3
4 -94
28 121
-24 37
-114 -119
63 130
-56 -38
81 -58
43 -67
4 43
122 116
-12 47
6 63
111 -73
139 66
25 -126
-100 -72
77 -140
-107 130
-128 -90
25 105
54 -139
77 49
92 -67
-13 -9
-150 119
-70 51
-51 46
136 -94
14 -55
135 131
-27 -55
43 136
105 -138
-104 36
-58 -51
12 91
52 -25
57 -47
127 -90
129 66
103 -62
138 14
26 -139
12 -44
-56 26
36 84
130 -84
-26 94
106 61
-142 -55
-115 -107
-52 -145
114 17
30 -67
-149 95
38 31
126 -32
20 -38
-82 96
-133 -51
133 89
18 -99
-108 146
-146 144
-48 -112
79 103
-93 -87
56 -101
-103 37
-77 105
-64 -88
-46 98
4 -28
144 -49
-139 97
-58 140
12 -94
-82 81
96 -134
-107 26
57 -65
-136 -134
95 -3
-110 122
-108 81
-146 49
87 143
76 -89
66 -120
33 103
-46 12
-109 117
70 7
73 47
-18 14
-70 92
-123 -51
-81 -49
-7 34
140 125
-87 -4
132 69
-114 -142
-56 -17
-38 102
-84 -93
71 -123
-45 -117
-112 63
64 16
-79 42
58 24
-65 -92
-123 44
38 -106
-47 -11
110 8
-74 -40
-37 -35
-103 54
33 -87
-30 31
70 -54
-134 131
-50 91
140 70
-138 76
-74 -104
-16 61
-83 -31
-79 -46
-26 45
145 -126
-37 -139
-135 70
11 -80
-127 141
-150 115
-148 -9
-112 -97
111 142
-19 -128
114 145
24 -105
-99 -34
133 120
-64 -34
49 -112
-8 -136
132 131
26 29
-66 87
-48 -51
7 119
105 -13
14 -31
53 110
143 78
26 33
-37 -1
65 120
89 -44
34 133
-4 50
-19 88
88 -10
148 94
-89 47
47 13
141 115
-109 -64
9 60
98 -132
61 5
-146 40
60 -110
148 141
35 91
19 -127
14 -51
-87 85
67 -95
80 -104
-46 -13
61 42
-101 -62
125 -84
-126 -115
33 -74
-86 117
-116 51
148 40
107 -97
-100 71
136 -147
-15 33
19 -102
-1 90
17 141
114 136
42 -131
-76 -69
112 -82
-74 -6
-40 -68
65 14
-125 84
-75 -45
121 131
-50 -24
51 -15
84 -24
14 128
-75 12
83 -18
83 23
-92 44
-21 -1
-105 -100
8 14
-59 48
53 85
-139 -68
-125 104
115 105
-55 -126
147 107
-84 50
131 -28
49 10
4 -50
104 28
91 -21
-45 -18
-6 -21
132 85
-120 22
-25 69
-45 -142
-84 86
-68 -9
-128 3
-55 -51
9 -48
38 -138
39 109
60 -143
61 -82
-108 -13
-121 71
-95 -64
85 126
36 45
-61 43
105 -66
6 -11
56 43
-37 -20
-144 110
-53 46
-32 -19
-65 -117
20 -119
-124 17
1 -65
-147 -73
-136 -110
-92 120
148 41
-41 67
118 139
-52 18
132 16
19 -96
69 74
54 -136
52 104
-27 -121
3 -51
39 55
38 89
48 -127
-136 131
21 -149
-138 -6
-71 -82
122 57
22 19
73 128
-137 -71
115 -102
78 8
-78 134
146 139
69 -99
-136 89
-136 -69
90 8
-24 20
34 -49
-105 -116
-123 37
-97 116
-6 -109
45 31
23 121
26 8
75 -40
26 36
-64 46
-132 71
-53 55
2 98
46 91
-91 12
-67 72
68 -76
32 122
85 -79
-116 -37
148 89
-56 51
95 -93
146 80
29 -87
118 -137
55 105
94 -80
-76 -94
95 -114
104 100
23 -68
-73 -16
-21 34
39 82
19 -79
102 -148
-32 -107
75 -71
60 -127
130 94
26 -41
95 -146
58 -43
-139 11
143 112
38 -26
-74 123
73 38
-138 -69
-36 16
116 26
55 143
-39 -94
-95 15
-11 -40
-27 -148
-38 -108
44 -116
-122 -105
129 -144
-110 38
52 -18
-85 136
75 -25
129 3
-46 87
-121 35
-20 -132
-43 8
54 32
-116 -27
35 -12
-71 -66
-76 120
-30 134
-33 -48
-127 -2
-91 78
-91 -69
-38 1
-87 147
-51 22
-124 6
-43 141
9 17
-124 78
-51 54
-85 149
-145 80
-134 30
-125 139
-59 -7
-26 2
44 -13
14 -123
1 -95
139 -87
104 -118
-105 79
110 73
11 -97
-149 146
-141 45
-80 120
-89 84
-7 -42
